Listening to port 4567
Connected!!!
new measurement
Intialised: 1477010443000000
0.312243
 0.58034
       0
       0
       0
1 0 0 0 0
0 1 0 0 0
0 0 1 0 0
0 0 0 1 0
0 0 0 0 1
0

 0.287757
0.0196602
  5.19994
        0
new measurement
predict R 
    0.312243
     0.58034
-2.25514e-17
-2.27682e-18
-2.25514e-17
update R 
Updated state x: 
    0.735292
    0.629424
     7.20493
-1.52668e-17
 -4.7012e-17
Updated state covariance P: 
    0.573089     0.255229   -0.0338616  9.50936e-19 -7.70092e-18
    0.255229     0.420582   -0.0231904  3.25349e-18 -9.08204e-18
  -0.0338616   -0.0231904      0.29812  1.73337e-18  1.39764e-19
 9.50936e-19  3.25349e-18  1.73337e-18       1.0025    0.0500625
-7.70092e-18 -9.08204e-18  1.39764e-19    0.0500625       1.0025
RADAR NIS: 74.6446
  0.221761
 0.0249965
   3.94082
0.00127057
new measurement
predict L 
    0.955514
    0.629424
     7.20493
-9.92045e-18
 1.73472e-17
update L 
Updated state x: 
    1.1605
   0.49494
   7.20802
 -0.127184
-0.0118688
Updated state covariance P: 
   0.0214855  0.000531185 -0.000304392  -0.00487186  -0.00045464
 0.000531185    0.0211786 -0.000915921    0.0121195   0.00113099
-0.000304392 -0.000915921     0.299421   0.00840053  0.000783935
 -0.00487186    0.0121195   0.00840053     0.898859    0.0898769
 -0.00045464   0.00113099  0.000783935    0.0898769      1.00403
LIDAR NIS: 0.220945
0.182572
0.064121
 3.40901
0.530969
new measurement
predict R 
   1.38915
  0.466057
   7.20802
 -0.127777
-0.0118688
update R 
Updated state x: 
  1.25799
 0.533093
  7.19319
 0.122653
0.0307136
Updated state covariance P: 
  0.0171398  0.00480254 -0.00288839  -0.0109041 -0.00390856
 0.00480254  0.00382951 0.000507036 -0.00480928 0.000287115
-0.00288839 0.000507036    0.291669  -0.0186097 -0.00489655
 -0.0109041 -0.00480928  -0.0186097    0.165575   0.0324756
-0.00390856 0.000287115 -0.00489655   0.0324756    0.990558
RADAR NIS: 1.82505
 0.169464
0.0649915
  3.10758
 0.632738
new measurement
predict L 
  1.58614
 0.572857
  7.19319
 0.124189
0.0307136
update L 
Updated state x: 
  1.61584
 0.595357
  7.20672
 0.161502
0.0463963
Updated state covariance P: 
   0.0106552 -0.000363836   0.00648131  -0.00916851  -0.00314442
-0.000363836    0.0102196  -0.00218769    0.0276033    0.0107196
  0.00648131  -0.00218769     0.290159  -0.00841314  -0.00107186
 -0.00916851    0.0276033  -0.00841314     0.100828    0.0550497
 -0.00314442    0.0107196  -0.00107186    0.0550497     0.982689
LIDAR NIS: 0.167274
 0.151955
0.0581918
   2.9084
 0.761978
new measurement
predict R 
  1.95319
 0.650304
  7.20672
 0.163821
0.0463963
update R 
Updated state x: 
  1.85112
  0.56196
  6.00794
0.0256271
-0.234011
Updated state covariance P: 
 0.00902055   0.0017507  0.00384703 -0.00112776 -0.00161133
  0.0017507  0.00411392 -0.00124981  0.00528539  0.00261186
 0.00384703 -0.00124981   0.0815764 -0.00776128  -0.0359876
-0.00112776  0.00528539 -0.00776128   0.0144714    0.046894
-0.00161133  0.00261186  -0.0359876    0.046894    0.944364
RADAR NIS: 7.66154
 0.140133
0.0556364
  2.67542
 0.697517
new measurement
predict L 
  2.14883
 0.567417
  6.00794
0.0139265
-0.234011
update L 
Updated state x: 
  2.16288
 0.591356
  6.00761
0.0402697
-0.178005
Updated state covariance P: 
 0.00672383 0.000580812  0.00573147 -0.00154711 -0.00328437
0.000580812  0.00633774 -0.00291183  0.00804945   0.0171111
 0.00573147 -0.00291183   0.0815422 -0.00766122  -0.0319514
-0.00154711  0.00804945 -0.00766122   0.0174139   0.0854396
-0.00328437   0.0171111  -0.0319514   0.0854396    0.928296
LIDAR NIS: 0.253517
 0.129743
0.0517335
  2.49562
  0.65037
new measurement
predict R 
  2.45972
 0.601573
  6.00761
0.0313694
-0.178005
update R 
Updated state x: 
  2.37876
 0.637349
  5.60176
0.0564996
-0.338651
Updated state covariance P: 
 0.00642202 0.000796692  0.00514212 -0.00118285 -0.00470019
0.000796692  0.00424239 -0.00197963  0.00473823   0.0133646
 0.00514212 -0.00197963   0.0480136 -0.00792912  -0.0508695
-0.00118285  0.00473823 -0.00792912   0.0131717   0.0828093
-0.00470019   0.0133646  -0.0508695   0.0828093    0.755924
RADAR NIS: 6.22704
0.122217
0.049623
 2.33865
0.615596
new measurement
predict L 
  2.65603
  0.65022
  5.60176
 0.039567
-0.338651
update L 
Updated state x: 
  2.65588
 0.654514
  5.59928
0.0452565
-0.317229
Updated state covariance P: 
 0.00540216 5.08343e-05   0.0058782 -0.00170335   -0.006615
5.08343e-05  0.00613194 -0.00324127  0.00803888   0.0302585
  0.0058782 -0.00324127   0.0478577 -0.00830466  -0.0426395
-0.00170335  0.00803888 -0.00830466   0.0192311    0.105167
  -0.006615   0.0302585  -0.0426395    0.105167         0.7
LIDAR NIS: 0.00805294
 0.115492
0.0491675
  2.20891
  0.58379
new measurement
predict R 
  2.93217
 0.664366
  5.59928
0.0293951
-0.317229
update R 
Updated state x: 
    2.92235
   0.648156
    5.53358
-0.00227934
  -0.469376
Updated state covariance P: 
 0.00528972 0.000178319  0.00532185 -0.00151741 -0.00605594
0.000178319  0.00502363 -0.00254744  0.00636499   0.0230993
 0.00532185 -0.00254744   0.0345896 -0.00768375   -0.038724
-0.00151741  0.00636499 -0.00768375   0.0160497   0.0812749
-0.00605594   0.0230993   -0.038724   0.0812749    0.474616
RADAR NIS: 0.401544
 0.109692
0.0479667
  2.09832
 0.554617
new measurement
predict L 
   3.19616
  0.643889
   5.53358
-0.0257481
 -0.469376
update L 
Updated state x: 
   3.15809
  0.643866
    5.4892
-0.0156173
 -0.434828
Updated state covariance P: 
  0.00466723 -0.000261677   0.00555136  -0.00158918  -0.00546403
-0.000261677   0.00710862  -0.00331051   0.00940577    0.0332745
  0.00555136  -0.00331051    0.0346137  -0.00704672   -0.0296705
 -0.00158918   0.00940577  -0.00704672    0.0194458    0.0841424
 -0.00546403    0.0332745   -0.0296705    0.0841424     0.403141
LIDAR NIS: 1.19453
 0.105302
0.0464323
  2.00268
 0.531717
new measurement
predict R 
   3.42915
  0.636299
    5.4892
-0.0373587
 -0.434828
update R 
Updated state x: 
   3.4437
 0.539844
  5.52254
-0.164378
 -0.85115
Updated state covariance P: 
  0.00464101 -0.000155438   0.00516689  -0.00133086   -0.0042859
-0.000155438   0.00608346  -0.00303517   0.00735418    0.0233774
  0.00516689  -0.00303517     0.027948  -0.00656341   -0.0259034
 -0.00133086   0.00735418  -0.00656341    0.0145296    0.0570061
  -0.0042859    0.0233774   -0.0259034    0.0570061     0.248392
RADAR NIS: 1.27296
 0.100906
0.0504797
  1.91887
 0.588373
new measurement
predict L 
  3.71261
 0.488973
  5.52254
-0.206936
 -0.85115
update L 
Updated state x: 
  3.74681
 0.427354
   5.5902
-0.283836
 -1.07537
Updated state covariance P: 
  0.00414521 -0.000107453   0.00505926 -0.000713192  -0.00170606
-0.000107453   0.00771526  -0.00342282   0.00903675    0.0267307
  0.00505926  -0.00342282    0.0282472  -0.00555073   -0.0191885
-0.000713192   0.00903675  -0.00555073    0.0152963    0.0530692
 -0.00170606    0.0267307   -0.0191885    0.0530692     0.202366
LIDAR NIS: 2.09151
0.0972826
0.0740542
  1.84426
 0.737011
new measurement
predict R 
  4.01041
 0.342395
   5.5902
-0.337605
 -1.07537
update R 
Updated state x: 
  4.02757
 0.511918
  5.55134
-0.145754
-0.545195
Updated state covariance P: 
  0.00417264 -2.76447e-05   0.00487742 -0.000467617  -0.00097614
-2.76447e-05   0.00635748  -0.00418713   0.00630047    0.0161568
  0.00487742  -0.00418713    0.0263585  -0.00626671   -0.0202714
-0.000467617   0.00630047  -0.00626671   0.00965574    0.0304738
 -0.00097614    0.0161568   -0.0202714    0.0304738     0.110328
RADAR NIS: 4.15138
  0.09471
0.0787673
  1.77907
 0.755946
new measurement
predict L 
  4.30001
 0.467782
  5.55134
-0.173013
-0.545195
update L 
Updated state x: 
  4.30141
 0.504041
  5.53271
-0.138469
-0.461252
Updated state covariance P: 
  0.00386736 -4.15908e-05   0.00490781 -0.000263612 -0.000373611
-4.15908e-05   0.00736775  -0.00419707   0.00703826    0.0170806
  0.00490781  -0.00419707    0.0263956  -0.00525345   -0.0154229
-0.000263612   0.00703826  -0.00525345   0.00970259    0.0281018
-0.000373611    0.0170806   -0.0154229    0.0281018    0.0935385
LIDAR NIS: 0.37021
0.0930293
0.0844024
  1.72045
  0.77051
new measurement
predict R 
  4.57337
 0.462656
  5.53271
-0.161532
-0.461252
update R 
Updated state x: 
   4.56185
  0.540536
   5.44636
-0.0973194
 -0.322611
Updated state covariance P: 
  0.00391787 -6.80346e-05   0.00464657 -0.000282698 -0.000516926
-6.80346e-05   0.00737611  -0.00419274   0.00657222    0.0148562
  0.00464657  -0.00419274    0.0231353  -0.00500955   -0.0138325
-0.000282698   0.00657222  -0.00500955   0.00838626    0.0226948
-0.000516926    0.0148562   -0.0138325    0.0226948    0.0723259
RADAR NIS: 2.05938
0.0915932
0.0866288
  1.66691
 0.768846
new measurement
predict L 
  4.83133
 0.511763
  5.44636
 -0.11345
-0.322611
update L 
Updated state x: 
   4.75089
  0.647775
   5.28064
0.00463566
-0.0729914
Updated state covariance P: 
  0.00369043 -0.000100291   0.00474323 -0.000204767 -0.000321267
-0.000100291   0.00777507  -0.00374884    0.0066045    0.0140994
  0.00474323  -0.00374884    0.0234718  -0.00395641   -0.0101371
-0.000204767    0.0066045  -0.00395641   0.00787252    0.0200441
-0.000321267    0.0140994   -0.0101371    0.0200441    0.0613162
LIDAR NIS: 12.8487
0.0888625
0.0841704
  1.61734
 0.747764
new measurement
predict R 
    5.01375
   0.648304
    5.28064
0.000986086
 -0.0729914
update R 
Updated state x: 
    5.00292
   0.646679
    5.21065
-0.00371803
 -0.0853412
Updated state covariance P: 
   0.0037524 -0.000137087   0.00447835 -0.000269768 -0.000521963
-0.000137087   0.00792983  -0.00305958   0.00643913    0.0129998
  0.00447835  -0.00305958    0.0200937  -0.00317318  -0.00770775
-0.000269768   0.00643913  -0.00317318   0.00728907    0.0176287
-0.000521963    0.0129998  -0.00770775    0.0176287    0.0526047
RADAR NIS: 1.85201
0.0863925
0.0821707
   1.5718
 0.729948
new measurement
predict L 
    5.26237
   0.644993
    5.21065
-0.00798509
 -0.0853412
update L 
Updated state x: 
   5.30308
  0.643656
     5.263
-0.0104912
-0.0901007
Updated state covariance P: 
   0.0035726 -0.000216085   0.00462239 -0.000296691 -0.000564937
-0.000216085   0.00782389  -0.00251723   0.00609133    0.0116847
  0.00462239  -0.00251723    0.0210147  -0.00241866  -0.00552214
-0.000296691   0.00609133  -0.00241866   0.00664892    0.0154567
-0.000564937    0.0116847  -0.00552214    0.0154567     0.045773
LIDAR NIS: 2.46199
 0.084395
0.0808164
  1.53003
 0.715254
new measurement
predict R 
   5.56523
  0.640187
     5.263
-0.0149962
-0.0901007
update R 
Updated state x: 
    5.56114
   0.651461
     5.2859
-0.00423635
 -0.0679265
Updated state covariance P: 
  0.00364777 -0.000254787   0.00439548  -0.00033786 -0.000665043
-0.000254787   0.00826848  -0.00233794   0.00617084    0.0113163
  0.00439548  -0.00233794    0.0186635  -0.00221608  -0.00486782
 -0.00033786   0.00617084  -0.00221608   0.00637153    0.0142308
-0.000665043    0.0113163  -0.00486782    0.0142308    0.0416625
RADAR NIS: 1.74634
0.0825499
0.0798612
  1.49153
 0.701782
new measurement
predict L 
    5.82449
   0.649781
     5.2859
-0.00763268
 -0.0679265
update L 
Updated state x: 
   5.85441
  0.668094
    5.3207
0.00447309
-0.0468646
Updated state covariance P: 
    0.003488 -0.000265288    0.0045172 -0.000304274 -0.000565442
-0.000265288   0.00789331  -0.00185842   0.00565074   0.00995234
   0.0045172  -0.00185842    0.0198374   -0.0016431  -0.00342291
-0.000304274   0.00565074   -0.0016431   0.00570557    0.0125103
-0.000565442   0.00995234  -0.00342291    0.0125103    0.0373521
LIDAR NIS: 1.57714
0.0818429
0.0790279
  1.45601
 0.689095
new measurement
predict R 
    6.1196
  0.668883
    5.3207
0.00212986
-0.0468646
update R 
Updated state x: 
   6.09718
  0.593326
   5.25254
-0.0521802
 -0.143037
Updated state covariance P: 
  0.00357151 -0.000317551   0.00431517 -0.000349809 -0.000660356
-0.000317551   0.00858155  -0.00180461   0.00591974     0.010092
  0.00431517  -0.00180461    0.0178437  -0.00158517   -0.0032277
-0.000349809   0.00591974  -0.00158517    0.0056568    0.0120477
-0.000660356     0.010092   -0.0032277    0.0120477    0.0357379
RADAR NIS: 3.6773
0.0806973
0.0839287
  1.42267
 0.688853
new measurement
predict L 
   6.35857
  0.578653
   5.25254
-0.0593321
 -0.143037
update L 
Updated state x: 
    6.35229
   0.709297
    5.22584
  0.0276809
0.000840736
Updated state covariance P: 
  0.00341915 -0.000233435   0.00442324 -0.000231736 -0.000395646
-0.000233435   0.00793056  -0.00143091    0.0052787   0.00872789
  0.00442324  -0.00143091    0.0191669  -0.00115439  -0.00224571
-0.000231736    0.0052787  -0.00115439   0.00503469     0.010726
-0.000395646   0.00872789  -0.00224571     0.010726    0.0329944
LIDAR NIS: 3.94795
0.0795687
0.0830257
  1.39149
 0.676679
new measurement
predict R 
    6.61275
   0.716457
    5.22584
   0.027723
0.000840736
update R 
Updated state x: 
   6.6028
 0.741371
  5.18556
0.0430636
0.0242789
Updated state covariance P: 
  0.00350779 -0.000296304   0.00423591 -0.000291322 -0.000521504
-0.000296304   0.00872526  -0.00136274   0.00565594    0.0091564
  0.00423591  -0.00136274     0.017339  -0.00112052  -0.00216148
-0.000291322   0.00565594  -0.00112052   0.00515485    0.0107531
-0.000521504    0.0091564  -0.00216148    0.0107531    0.0327488
RADAR NIS: 0.608693
0.0783569
0.0819455
  1.36222
 0.664637
new measurement
predict L 
  6.86109
   0.7526
  5.18556
0.0442776
0.0242789
update L 
Updated state x: 
  6.84974
 0.740116
  5.17189
0.0367357
0.0124845
Updated state covariance P: 
  0.00337963  -0.00029251   0.00437885 -0.000279727 -0.000487956
 -0.00029251   0.00788214 -0.000989139   0.00497294    0.0078804
  0.00437885 -0.000989139    0.0187599 -0.000804827  -0.00147967
-0.000279727   0.00497294 -0.000804827   0.00461429   0.00975931
-0.000487956    0.0078804  -0.00147967   0.00975931    0.0309787
LIDAR NIS: 0.281871
0.0770344
0.0817865
  1.33471
 0.654751
new measurement
predict R 
  7.10749
 0.749628
  5.17189
  0.03736
0.0124845
update R 
Updated state x: 
   7.09323
  0.722283
   5.09041
 0.0184863
-0.0207243
Updated state covariance P: 
  0.00347335  -0.00036392   0.00420222 -0.000339886 -0.000602636
 -0.00036392   0.00879951 -0.000986816   0.00545668   0.00855508
  0.00420222 -0.000986816    0.0170548 -0.000828355  -0.00154154
-0.000339886   0.00545668 -0.000828355    0.0048602    0.0100961
-0.000602636   0.00855508  -0.00154154    0.0100961    0.0314652
RADAR NIS: 2.97449
0.0756259
0.0837642
  1.30881
 0.648877
new measurement
predict L 
   7.34703
  0.726801
   5.09041
 0.0174501
-0.0207243
update L 
Updated state x: 
  7.31275
 0.809811
  5.04269
0.0688502
0.0591181
Updated state covariance P: 
  0.00334796  -0.00030064    0.0043433 -0.000277557 -0.000469466
 -0.00030064   0.00783238 -0.000707835   0.00476663   0.00736936
   0.0043433 -0.000707835    0.0185288  -0.00058999  -0.00104467
-0.000277557   0.00476663  -0.00058999   0.00439364   0.00932484
-0.000469466   0.00736936  -0.00104467   0.00932484    0.0302426
LIDAR NIS: 3.14405
0.0742944
0.0831611
  1.28446
 0.638883
new measurement
predict R 
  7.56365
 0.827455
  5.04269
0.0718061
0.0591181
update R 
Updated state x: 
  7.60379
 0.821309
  5.14829
0.0679072
0.0544199
Updated state covariance P: 
  0.00344537 -0.000384133   0.00416699 -0.000350567 -0.000604754
-0.000384133   0.00882204 -0.000630373   0.00533236   0.00821793
  0.00416699 -0.000630373    0.0168652 -0.000560863 -0.000996503
-0.000350567   0.00533236 -0.000560863   0.00474343   0.00988103
-0.000604754   0.00821793 -0.000996503   0.00988103     0.031169
RADAR NIS: 4.37785
0.0730273
0.0832693
  1.26132
 0.630192
new measurement
predict L 
  7.85992
 0.839049
  5.14829
0.0706282
0.0544199
update L 
Updated state x: 
  7.85368
 0.798204
  5.13989
0.0465673
0.0177544
Updated state covariance P: 
  0.00333067 -0.000345562   0.00431784 -0.000324183 -0.000551076
-0.000345562   0.00782065 -0.000390494   0.00466187   0.00713003
  0.00431784 -0.000390494    0.0183777 -0.000388685 -0.000644484
-0.000324183   0.00466187 -0.000388685   0.00432067   0.00922135
-0.000551076   0.00713003 -0.000644484   0.00922135    0.0301788
LIDAR NIS: 0.538757
0.0717899
0.0860614
   1.2394
 0.625435
new measurement
predict R 
  8.10977
 0.810232
  5.13989
 0.047455
0.0177544
update R 
Updated state x: 
  8.10362
 0.815535
    5.084
0.0492599
0.0179182
Updated state covariance P: 
  0.00343121   -0.0004401   0.00415518 -0.000394567 -0.000674016
  -0.0004401   0.00900731 -0.000479657   0.00535279   0.00820876
  0.00415518 -0.000479657    0.0167831 -0.000482636 -0.000867838
-0.000394567   0.00535279 -0.000482636   0.00474663   0.00990811
-0.000674016   0.00820876 -0.000867838   0.00990811    0.0313089
RADAR NIS: 2.35604
0.0705943
0.0897092
  1.21857
 0.621975
new measurement
predict L 
  8.35684
 0.828107
    5.084
0.0501558
0.0179182
update L 
Updated state x: 
  8.34059
 0.834128
  5.06301
0.0542865
0.0244325
Updated state covariance P: 
  0.00331628 -0.000359397   0.00430698 -0.000332588 -0.000552254
-0.000359397   0.00788712  -0.00028475   0.00464414   0.00707685
  0.00430698  -0.00028475     0.018307 -0.000335007 -0.000566532
-0.000332588   0.00464414 -0.000335007    0.0043309   0.00927003
-0.000552254   0.00707685 -0.000566532   0.00927003    0.0303542
LIDAR NIS: 0.451612
0.0694717
0.0942361
  1.19876
 0.619448
new measurement
predict R 
  8.59275
 0.847967
  5.06301
0.0555081
0.0244325
update R 
Updated state x: 
 8.60776
0.930067
 5.15207
0.105075
0.103128
Updated state covariance P: 
  0.00341888 -0.000462861   0.00414501  -0.00040905  -0.00068374
-0.000462861   0.00916652 -0.000363639   0.00541139   0.00828062
  0.00414501 -0.000363639    0.0167285 -0.000416249 -0.000751555
 -0.00040905   0.00541139 -0.000416249    0.0048232    0.0100628
 -0.00068374   0.00828062 -0.000751555    0.0100628    0.0316406
RADAR NIS: 6.91382
0.0683797
0.0955583
  1.17993
 0.612391
new measurement
predict L 
 8.86319
0.957649
 5.15207
0.110231
0.103128
update L 
Updated state x: 
 8.84426
0.992072
 5.12909
0.131171
0.135338
Updated state covariance P: 
  0.00331395 -0.000418978   0.00429981 -0.000394481   -0.0006651
-0.000418978   0.00797872 -0.000150347   0.00467374   0.00711437
  0.00429981 -0.000150347    0.0182608 -0.000286614 -0.000482516
-0.000394481   0.00467374 -0.000286614   0.00439127   0.00939352
  -0.0006651   0.00711437 -0.000482516   0.00939352    0.0306155
LIDAR NIS: 0.738757
0.0673766
0.0961213
  1.16193
 0.604586
new measurement
predict R 
 9.09778
 1.02638
 5.12909
0.137938
0.135338
update R 
Updated state x: 
 9.13253
 1.03316
 5.18791
0.139905
0.137341
Updated state covariance P: 
  0.00342249 -0.000557828   0.00411258 -0.000501054  -0.00083666
-0.000557828    0.0094039  7.93506e-05   0.00553169   0.00846436
  0.00411258  7.93506e-05    0.0166707 -0.000110575 -0.000105041
-0.000501054   0.00553169 -0.000110575   0.00493349     0.010256
 -0.00083666   0.00846436 -0.000105041     0.010256    0.0319906
RADAR NIS: 6.73197
0.0664898
0.0968685
  1.14484
  0.59718
new measurement
predict L 
 9.38856
 1.07011
 5.18791
0.146772
0.137341
update L 
Updated state x: 
 9.36944
  1.0655
 5.16251
0.145215
0.135442
Updated state covariance P: 
  0.00332006 -0.000500319   0.00426926 -0.000483838 -0.000815506
-0.000500319    0.0081084  0.000225034   0.00473313   0.00719887
  0.00426926  0.000225034    0.0182195 -4.56471e-05  1.94043e-05
-0.000483838   0.00473313 -4.56471e-05   0.00446205   0.00951442
-0.000815506   0.00719887  1.94043e-05   0.00951442    0.0308304
LIDAR NIS: 0.685934
 0.065546
0.0982321
  1.12846
 0.590538
new measurement
predict R 
 9.62409
 1.10362
 5.16251
0.151987
0.135442
update R 
Updated state x: 
 9.64696
 1.14499
 5.21681
0.174273
0.168472
Updated state covariance P: 
  0.00343337 -0.000664297   0.00407701 -0.000600237 -0.000990954
-0.000664297   0.00967663  0.000463136   0.00567574   0.00867703
  0.00407701  0.000463136     0.016659  0.000137421  0.000383876
-0.000600237   0.00567574  0.000137421   0.00504739     0.010434
-0.000990954   0.00867703  0.000383876     0.010434    0.0322752
RADAR NIS: 4.39935
0.0648832
0.0985856
  1.11289
 0.583087
new measurement
predict L 
 9.90294
 1.19118
 5.21681
0.182697
0.168472
update L 
Updated state x: 
  9.9178
  1.2808
 5.25039
0.233301
0.244689
Updated state covariance P: 
  0.00333268 -0.000590285   0.00423533 -0.000578687 -0.000968109
-0.000590285   0.00825093  0.000547398   0.00479895     0.007283
  0.00423533  0.000547398    0.0182109  0.000143354  0.000383531
-0.000578687   0.00479895  0.000143354   0.00452522   0.00960582
-0.000968109     0.007283  0.000383531   0.00960582    0.0309685
LIDAR NIS: 2.71476
0.0646418
0.0973724
  1.09792
 0.575256
new measurement
predict R 
 10.1722
  1.3429
 5.25039
0.245535
0.244689
update R 
Updated state x: 
 10.1642
 1.38624
 5.19947
0.274485
 0.29374
Updated state covariance P: 
  0.00345491 -0.000796214   0.00399432 -0.000724599  -0.00117701
-0.000796214   0.00991072   0.00116418   0.00576883   0.00876979
  0.00399432   0.00116418    0.0167606  0.000627337   0.00137008
-0.000724599   0.00576883  0.000627337   0.00509654    0.0104667
 -0.00117701   0.00876979   0.00137008    0.0104667    0.0322496
RADAR NIS: 4.33705
0.0643537
0.0961182
  1.08339
 0.568571
new measurement
predict L 
 10.4132
 1.45837
 5.19947
0.289172
 0.29374
update L 
Updated state x: 
 10.3887
 1.46404
  5.1693
0.294773
0.303115
Updated state covariance P: 
  0.00336657 -0.000742459   0.00414374 -0.000747933  -0.00125515
-0.000742459   0.00832494   0.00115343   0.00480807   0.00724444
  0.00414374   0.00115343    0.0182935  0.000518405   0.00113016
-0.000747933   0.00480807  0.000518405   0.00454219   0.00959881
 -0.00125515   0.00724444   0.00113016   0.00959881    0.0309073
LIDAR NIS: 1.01656
0.0636915
0.0950157
  1.06941
 0.562459
new measurement
predict R 
 10.6348
 1.54084
  5.1693
0.309929
0.303115
update R 
Updated state x: 
 10.6181
  1.5665
 5.09201
0.332365
0.346437
Updated state covariance P: 
  0.00349816 -0.000978586   0.00385855 -0.000906423  -0.00145688
-0.000978586   0.00997571    0.0019604   0.00576189   0.00866963
  0.00385855    0.0019604    0.0170006   0.00114739    0.0023751
-0.000906423   0.00576189   0.00114739   0.00509826    0.0104101
 -0.00145688   0.00866963    0.0023751    0.0104101    0.0320624
RADAR NIS: 3.60133
 0.062915
0.0944581
  1.05612
 0.557806
new measurement
predict L 
 10.8573
 1.65147
 5.09201
0.349686
0.346437
update L 
Updated state x: 
  10.846
 1.58309
 5.05368
0.312685
0.292098
Updated state covariance P: 
  0.00340848 -0.000879314   0.00401639 -0.000909549  -0.00150589
-0.000879314   0.00829598   0.00179258     0.004764    0.0071041
  0.00401639   0.00179258    0.0184732  0.000912006   0.00187769
-0.000909549     0.004764  0.000912006   0.00454694   0.00956989
 -0.00150589    0.0071041   0.00187769   0.00956989    0.0308105
LIDAR NIS: 1.79513
0.0621526
0.0933396
  1.04328
 0.551511
new measurement
predict R 
 11.0852
 1.66242
 5.05368
 0.32729
0.292098
update R 
Updated state x: 
 11.1115
 1.63525
 5.09632
0.306659
 0.25744
Updated state covariance P: 
 0.00354735 -0.00114113  0.00371726 -0.00107408 -0.00169718
-0.00114113   0.0099814  0.00257467  0.00575563  0.00859047
 0.00371726  0.00257467    0.017237  0.00151991  0.00303192
-0.00107408  0.00575563  0.00151991  0.00514067    0.010445
-0.00169718  0.00859047  0.00303192    0.010445   0.0320801
RADAR NIS: 2.19318
0.0614443
0.0922221
  1.03079
 0.545033
new measurement
predict L 
 11.3532
 1.71359
 5.09632
0.319531
 0.25744
update L 
Updated state x: 
 11.3931
 1.66719
 5.12727
0.288313
0.209913
Updated state covariance P: 
  0.00343319 -0.000947688   0.00392572 -0.000989016  -0.00158558
-0.000947688   0.00831164   0.00223451   0.00476179   0.00706101
  0.00392572   0.00223451    0.0186346   0.00118132   0.00232871
-0.000989016   0.00476179   0.00118132   0.00457891   0.00960027
 -0.00158558   0.00706101   0.00232871   0.00960027    0.0308434
LIDAR NIS: 2.24507
0.0612308
0.0913969
  1.01877
 0.538766
new measurement
predict R 
 11.6378
 1.74124
 5.12727
0.298809
0.209913
update R 
Updated state x: 
 11.6242
 1.72808
 5.08211
0.294997
0.207314
Updated state covariance P: 
 0.00357909 -0.00124772  0.00364695 -0.00116613  -0.0017988
-0.00124772   0.0101759  0.00286404  0.00587282  0.00876441
 0.00364695  0.00286404   0.0173093  0.00165814  0.00318695
-0.00116613  0.00587282  0.00165814  0.00524286   0.0106037
 -0.0017988  0.00876441  0.00318695   0.0106037   0.0323553
RADAR NIS: 0.909102
0.0608325
 0.090832
  1.00714
 0.532905
new measurement
predict L 
 11.8662
 1.80309
 5.08211
0.305362
0.207314
update L 
Updated state x: 
 11.8553
 1.78557
 5.06086
0.297123
0.195421
Updated state covariance P: 
  0.00344816 -0.000994982    0.0038853  -0.00103144  -0.00160837
-0.000994982   0.00841269   0.00242291   0.00481876   0.00713836
   0.0038853   0.00242291    0.0186658   0.00125712   0.00237258
 -0.00103144   0.00481876   0.00125712   0.00463822   0.00968953
 -0.00160837   0.00713836   0.00237258   0.00968953    0.0310031
LIDAR NIS: 0.398082
0.0603209
0.0907248
 0.995896
 0.527648
new measurement
predict R 
 12.0963
  1.8607
 5.06086
0.306894
0.195421
update R 
Updated state x: 
 12.1097
 1.87928
 5.12091
0.312584
0.199021
Updated state covariance P: 
 0.00359793 -0.00131021  0.00360203 -0.00121663 -0.00183444
-0.00131021   0.0103214  0.00305761  0.00596047  0.00887282
 0.00360203  0.00305761   0.0173549  0.00174175  0.00325481
-0.00121663  0.00596047  0.00174175   0.0053255   0.0107205
-0.00183444  0.00887282  0.00325481   0.0107205   0.0325388
RADAR NIS: 1.34942
0.0600292
0.0904506
 0.985115
 0.522401
new measurement
predict L 
 12.3522
 1.95908
 5.12091
0.322535
0.199021
update L 
Updated state x: 
 12.3558
 1.89422
 5.09586
 0.28604
0.145183
Updated state covariance P: 
  0.0034658 -0.00104528  0.00384738 -0.00107913 -0.00165645
-0.00104528  0.00849025  0.00256153  0.00485971  0.00717997
 0.00384738  0.00256153   0.0186814  0.00129403  0.00236486
-0.00107913  0.00485971  0.00129403  0.00468507  0.00975258
-0.00165645  0.00717997  0.00236486  0.00975258   0.0311056
LIDAR NIS: 0.907366
 0.059887
0.0921402
 0.974804
 0.519546
new measurement
predict R 
 12.5993
 1.96687
 5.09586
0.293299
0.145183
update R 
Updated state x: 
 12.6122
 1.95172
 5.13942
 0.28046
0.121729
Updated state covariance P: 
 0.00362143 -0.00138811  0.00357568 -0.00127629 -0.00190285
-0.00138811   0.0105078  0.00312094  0.00606886  0.00902452
 0.00357568  0.00312094   0.0173196  0.00172177    0.003137
-0.00127629  0.00606886  0.00172177  0.00540926   0.0108438
-0.00190285  0.00902452    0.003137   0.0108438   0.0327435
RADAR NIS: 1.00575
0.0601842
0.0950071
 0.965148
 0.518207
new measurement
predict L 
 12.8582
 2.02347
 5.13942
0.286547
0.121729
update L 
Updated state x: 
 12.8101
 2.09397
 5.11125
0.332464
0.189845
Updated state covariance P: 
 0.00346859 -0.00106257   0.0038493  -0.0010826 -0.00162725
-0.00106257  0.00859878  0.00256706   0.0049161  0.00725568
  0.0038493  0.00256706   0.0186414  0.00125192  0.00221774
 -0.0010826   0.0049161  0.00125192  0.00472627  0.00980965
-0.00162725  0.00725568  0.00221774  0.00980965   0.0312052
LIDAR NIS: 3.11763
0.0597852
0.0960859
 0.955499
 0.514412
new measurement
predict R 
 13.0506
 2.17836
 5.11125
0.341956
0.189845
update R 
Updated state x: 
 13.0757
 2.20255
 5.20461
0.346349
0.187361
Updated state covariance P: 
 0.00362994 -0.00142046  0.00352962 -0.00129213 -0.00189173
-0.00142046   0.0106365   0.0033492  0.00611036  0.00903758
 0.00352962   0.0033492   0.0174326  0.00185656  0.00336441
-0.00129213  0.00611036  0.00185656  0.00541787   0.0108152
-0.00189173  0.00903758  0.00336441   0.0108152   0.0326363
RADAR NIS: 3.4276
0.0599665
0.0968491
 0.946572
  0.51047
new measurement
predict L 
 13.3193
 2.29185
 5.20461
0.355717
0.187361
update L 
Updated state x: 
 13.2775
 2.34783
 5.17977
0.392765
0.242218
Updated state covariance P: 
 0.00349758 -0.00113529  0.00378396 -0.00115464 -0.00174103
-0.00113529   0.0086455   0.0027647  0.00491066  0.00720822
 0.00378396   0.0027647   0.0187116  0.00133777  0.00236465
-0.00115464  0.00491066  0.00133777  0.00471377  0.00976259
-0.00174103  0.00720822  0.00236465  0.00976259   0.0310985
LIDAR NIS: 2.26174
0.0596223
0.0966526
 0.937586
 0.505664
new measurement
predict R 
 13.5155
  2.4482
 5.17977
0.404876
0.242218
update R 
Updated state x: 
 13.4532
  2.5131
 5.07901
0.458644
0.335404
Updated state covariance P: 
 0.00366877 -0.00151749  0.00339902 -0.00137441 -0.00200425
-0.00151749   0.0106691   0.0038075  0.00605204   0.0088632
 0.00339902   0.0038075   0.0177244   0.0021382  0.00389579
-0.00137441  0.00605204   0.0021382  0.00533283   0.0106107
-0.00200425   0.0088632  0.00389579   0.0106107   0.0321938
RADAR NIS: 10.3389
0.0590826
0.0957939
 0.928528
 0.500919
new measurement
predict L 
 13.6792
  2.6272
 5.07901
0.475414
0.335404
update L 
Updated state x: 
 13.7042
 2.61751
 5.10392
0.465826
0.320771
Updated state covariance P: 
 0.00355853 -0.00125975  0.00362473 -0.00130262 -0.00199358
-0.00125975  0.00855162   0.0031617   0.0048087  0.00697572
 0.00362473   0.0031617   0.0189155  0.00155104   0.0027799
-0.00130262   0.0048087  0.00155104  0.00465791  0.00963596
-0.00199358  0.00697572   0.0027799  0.00963596   0.0308396
LIDAR NIS: 0.917276
0.0585347
0.0949942
  0.91974
 0.496229
new measurement
predict R 
 13.9306
 2.73373
 5.10392
0.481864
0.320771
update R 
Updated state x: 
 13.9225
 2.73736
 5.08825
0.486818
0.330559
Updated state covariance P: 
 0.00373744 -0.00164732   0.0031659  -0.0015158 -0.00220954
-0.00164732   0.0104312  0.00442836  0.00583143  0.00839341
  0.0031659  0.00442836   0.0182315  0.00252265  0.00462197
 -0.0015158  0.00583143  0.00252265   0.0051794   0.0102822
-0.00220954  0.00839341  0.00462197   0.0102822   0.0315188
RADAR NIS: 0.146004
0.0579906
0.0941819
 0.911186
 0.491703
new measurement
predict L 
 14.1456
   2.858
 5.08825
0.503346
0.330559
update L 
Updated state x: 
  14.151
 2.88552
 5.11181
0.516684
0.349297
Updated state covariance P: 
 0.00361294 -0.00134512  0.00343682 -0.00141346 -0.00215078
-0.00134512  0.00840608  0.00365398  0.00466209  0.00667665
 0.00343682  0.00365398   0.0192758  0.00185099  0.00334995
-0.00141346  0.00466209  0.00185099  0.00456171  0.00943593
-0.00215078  0.00667665  0.00334995  0.00943593   0.0304416
LIDAR NIS: 0.382835
0.0574692
0.0933231
 0.902866
 0.487574
new measurement
predict R 
 14.3715
 3.01348
 5.11181
0.534149
0.349297
update R 
Updated state x: 
 14.4027
 2.98968
 5.17544
0.506152
0.293554
Updated state covariance P: 
 0.00380145 -0.00175015  0.00292451 -0.00162582 -0.00234317
-0.00175015   0.0102308  0.00503426  0.00563129   0.0079965
 0.00292451  0.00503426   0.0188179  0.00289068  0.00528569
-0.00162582  0.00563129  0.00289068   0.0050288  0.00997622
-0.00234317   0.0079965  0.00528569  0.00997622   0.0309126
RADAR NIS: 1.70947
0.0571812
0.0925033
 0.894955
 0.483243
new measurement
predict L 
 14.6274
 3.11657
 5.17544
 0.52083
0.293554
update L 
Updated state x: 
 14.6136
 3.04979
 5.11309
0.489709
0.250292
Updated state covariance P: 
 0.00366247 -0.00141453  0.00324849 -0.00149675 -0.00224976
-0.00141453  0.00830327  0.00413077  0.00453285  0.00643542
 0.00324849  0.00413077   0.0196856  0.00213169  0.00385186
-0.00149675  0.00453285  0.00213169  0.00445494  0.00922833
-0.00224976  0.00643542  0.00385186  0.00922833   0.0300484
LIDAR NIS: 2.44493
0.0568222
0.0922721
 0.887359
 0.479301
new measurement
predict R 
 14.8378
 3.17124
 5.11309
0.502224
0.250292
update R 
Updated state x: 
 14.8436
 3.20529
 5.17513
0.512959
0.256393
Updated state covariance P: 
 0.00386814 -0.00187585  0.00276519  -0.0017408 -0.00250368
-0.00187585   0.0102616  0.00533843  0.00563137  0.00803599
 0.00276519  0.00533843   0.0190106  0.00303168  0.00548092
 -0.0017408  0.00563137  0.00303168  0.00504221   0.0100291
-0.00250368  0.00803599  0.00548092   0.0100291   0.0310747
RADAR NIS: 3.68411
0.0566346
0.0917227
 0.880146
 0.475244
new measurement
predict L 
 15.0675
  3.3335
 5.17513
0.525779
0.256393
update L 
Updated state x: 
 15.0492
 3.40019
 5.20281
0.563463
0.310309
Updated state covariance P: 
 0.00370748 -0.00148807  0.00313719 -0.00157332 -0.00235049
-0.00148807  0.00830783  0.00434633  0.00451918  0.00644212
 0.00313719  0.00434633   0.0197937  0.00221628  0.00394341
-0.00157332  0.00451918  0.00221628  0.00446047  0.00926157
-0.00235049  0.00644212  0.00394341  0.00926157   0.0301592
LIDAR NIS: 0.862492
0.0563589
0.0909531
 0.872907
 0.471352
new measurement
predict R 
 15.2674
 3.54058
 5.20281
0.578978
0.310309
update R 
Updated state x: 
 15.2573
 3.57533
 5.19606
0.603799
0.354277
Updated state covariance P: 
 0.00392145 -0.00195487  0.00256141 -0.00180498 -0.00255562
-0.00195487   0.0101853  0.00580291  0.00550257  0.00778496
 0.00256141  0.00580291   0.0195131  0.00328409  0.00590611
-0.00180498  0.00550257  0.00328409  0.00491147  0.00976147
-0.00255562  0.00778496  0.00590611  0.00976147   0.0305207
RADAR NIS: 2.37049
0.0560649
0.0904199
 0.865688
 0.468035
new measurement
predict L 
 15.4692
 3.72446
 5.19606
0.621513
0.354277
update L 
Updated state x: 
  15.471
 3.75887
 5.22516
0.637916
0.377118
Updated state covariance P: 
 0.00378159 -0.00158456  0.00291278 -0.00168504 -0.00251531
-0.00158456  0.00820077  0.00473359  0.00439062   0.0062015
 0.00291278  0.00473359   0.0201385  0.00240562  0.00426565
-0.00168504  0.00439062  0.00240562  0.00436302  0.00907076
-0.00251531   0.0062015  0.00426565  0.00907076    0.029778
LIDAR NIS: 0.455662
0.0558427
0.0904653
 0.858612
 0.465505
new measurement
predict R 
 15.6788
 3.91614
 5.22516
0.656772
0.377118
update R 
Updated state x: 
  15.683
 3.89367
 5.21144
0.644738
0.359934
Updated state covariance P: 
 0.00399995 -0.00204298  0.00225926 -0.00189014  -0.0026382
-0.00204298  0.00993643   0.0063427  0.00523245  0.00726157
 0.00225926   0.0063427   0.0202403  0.00355814  0.00637123
-0.00189014  0.00523245  0.00355814  0.00467774  0.00929232
 -0.0026382  0.00726157  0.00637123  0.00929232    0.029568
RADAR NIS: 1.08685
0.0557176
0.0903661
 0.851752
 0.462571
new measurement
predict L 
 15.8892
 4.05187
 5.21144
0.662735
0.359934
update L 
Updated state x: 
  15.908
 4.02724
 5.21015
0.646339
0.336533
Updated state covariance P: 
  0.0038465 -0.00164471  0.00265913 -0.00176027 -0.00259867
-0.00164471   0.0080316   0.0051764  0.00419356  0.00583609
 0.00265913   0.0051764   0.0206562   0.0026272  0.00464902
-0.00176027  0.00419356   0.0026272    0.004196  0.00874652
-0.00259867  0.00583609  0.00464902  0.00874652   0.0291377
LIDAR NIS: 0.33176
0.0559837
0.0900795
 0.845186
 0.459273
new measurement
predict R 
 16.1141
 4.18562
 5.21015
0.663166
0.336533
update R 
Updated state x: 
 16.1007
 4.19802
 5.17066
0.682415
0.380755
Updated state covariance P: 
 0.00408286 -0.00214492  0.00199806 -0.00198658  -0.0027577
-0.00214492  0.00980766  0.00672688  0.00508959  0.00703879
 0.00199806  0.00672688    0.020707  0.00372885  0.00663692
-0.00198658  0.00508959  0.00372885  0.00457124  0.00911435
 -0.0027577  0.00703879  0.00663692  0.00911435   0.0292627
RADAR NIS: 1.71886
0.0561259
0.0900701
 0.838603
 0.456343
new measurement
predict L 
 16.2992
  4.3627
 5.17066
0.701453
0.380755
update L 
Updated state x: 
 16.2985
 4.38923
 5.19419
0.713731
0.397568
Updated state covariance P: 
  0.0039128 -0.00171039   0.0024415 -0.00184327 -0.00270837
-0.00171039  0.00791967  0.00548145  0.00407589  0.00565331
  0.0024415  0.00548145   0.0209703  0.00275544  0.00484135
-0.00184327  0.00407589  0.00275544   0.0041249  0.00863394
-0.00270837  0.00565331  0.00484135  0.00863394   0.0289525
LIDAR NIS: 0.2507
0.0563022
 0.090722
  0.83215
 0.453994
new measurement
predict R 
 16.4926
  4.5609
 5.19419
0.733609
0.397568
update R 
Updated state x: 
 16.5092
 4.55303
 5.21105
0.722897
0.377839
Updated state covariance P: 
 0.00414935 -0.00219315     0.00172 -0.00204012 -0.00278556
-0.00219315  0.00956398  0.00712553  0.00484988   0.0066102
    0.00172  0.00712553   0.0213597  0.00390148  0.00690223
-0.00204012  0.00484988  0.00390148  0.00438578  0.00875878
-0.00278556   0.0066102  0.00690223  0.00875878   0.0285521
RADAR NIS: 0.707974
0.0568468
0.0914563
  0.82591
  0.45148
new measurement
predict L 
 16.7024
 4.72697
 5.21105
0.741789
0.377839
update L 
Updated state x: 
 16.6891
 4.71616
 5.18758
0.740824
0.377196
Updated state covariance P: 
 0.00397364 -0.00175106  0.00219859 -0.00190208 -0.00276564
-0.00175106   0.0077616  0.00582244  0.00390389  0.00535657
 0.00219859  0.00582244   0.0214356  0.00289896  0.00506596
-0.00190208  0.00390389  0.00289896  0.00399498  0.00839065
-0.00276564  0.00535657  0.00506596  0.00839065   0.0284735
LIDAR NIS: 0.474592
0.0571828
0.0921769
 0.819793
 0.448879
new measurement
predict R 
 16.8784
 4.89273
 5.18758
0.759684
0.377196
update R 
Updated state x: 
 16.8354
 4.92432
 5.11422
0.807169
0.480725
Updated state covariance P: 
 0.00422435 -0.00225739  0.00145269 -0.00210619 -0.00284899
-0.00225739  0.00939207  0.00745452  0.00467837  0.00633859
 0.00145269  0.00745452   0.0218776  0.00402786  0.00708451
-0.00210619  0.00467837  0.00402786  0.00426133  0.00853867
-0.00284899  0.00633859  0.00708451  0.00853867   0.0281363
RADAR NIS: 4.16355
0.0569388
0.0938791
 0.813899
 0.447438
new measurement
predict L 
 17.0094
 5.11084
 5.11422
0.831205
0.480725
update L 
Updated state x: 
 16.9989
 5.14573
  5.1402
0.849114
0.505193
Updated state covariance P: 
 0.00405345 -0.00180571  0.00191919 -0.00199399 -0.00289377
-0.00180571  0.00758501  0.00610382  0.00374561  0.00509379
 0.00191919  0.00610382   0.0218033   0.0030077  0.00522722
-0.00199399  0.00374561   0.0030077  0.00391784  0.00825743
-0.00289377  0.00509379  0.00522722  0.00825743   0.0282206
LIDAR NIS: 0.292629
0.0565705
0.0970515
 0.808333
 0.447187
new measurement
predict R 
 17.1657
 5.34046
  5.1402
0.874374
0.505193
update R 
Updated state x: 
 17.1678
 5.32098
 5.11428
0.868777
0.503136
Updated state covariance P: 
 0.00428266 -0.00224176  0.00111127 -0.00212075 -0.00278779
-0.00224176  0.00896604  0.00781206  0.00428958  0.00561036
 0.00111127  0.00781206   0.0227893  0.00413488  0.00720516
-0.00212075  0.00428958  0.00413488    0.003969  0.00795111
-0.00278779  0.00561036  0.00720516  0.00795111    0.026919
RADAR NIS: 1.78059
0.0561776
 0.100099
 0.802951
 0.446611
new measurement
predict L 
   17.33
 5.51798
 5.11428
0.893934
0.503136
update L 
Updated state x: 
 17.3292
 5.49442
 5.08772
0.884878
0.491546
Updated state covariance P: 
 0.00411341 -0.00180143  0.00159311 -0.00203181 -0.00289735
-0.00180143  0.00730662  0.00645616  0.00346545  0.00458106
 0.00159311  0.00645616   0.0225082   0.0031338  0.00541521
-0.00203181  0.00346545   0.0031338  0.00371421  0.00785222
-0.00289735  0.00458106  0.00541521  0.00785222   0.0273864
LIDAR NIS: 0.288138
0.0557816
 0.102869
 0.797692
 0.445586
new measurement
predict R 
 17.4874
 5.69292
 5.08772
0.909455
0.491546
update R 
Updated state x: 
 17.4838
 5.66952
 5.04617
0.906991
0.498445
Updated state covariance P: 
 0.00435542 -0.00225741 0.000768731 -0.00216576 -0.00280312
-0.00225741   0.0086637   0.0081226   0.0040208  0.00517132
0.000768731   0.0081226   0.0235349   0.0042249  0.00731397
-0.00216576   0.0040208   0.0042249  0.00379071  0.00762684
-0.00280312  0.00517132  0.00731397  0.00762684   0.0263003
RADAR NIS: 3.2593
0.0554339
 0.105341
 0.792681
  0.44424
new measurement
predict L 
 17.6363
 5.86988
 5.04617
0.931914
0.498445
update L 
Updated state x: 
 17.6835
 5.78055
 4.98133
0.882582
0.432671
Updated state covariance P: 
 0.00416728 -0.00180161  0.00130124 -0.00207281 -0.00291857
-0.00180161  0.00710499  0.00674301  0.00326828   0.0042634
 0.00130124  0.00674301   0.0230669  0.00322849  0.00554318
-0.00207281  0.00326828  0.00322849  0.00359421  0.00763623
-0.00291857   0.0042634  0.00554318  0.00763623   0.0269751
LIDAR NIS: 2.37112
0.0550832
 0.105993
