Listening to port 4567
Connected!!!
new measurement
Intialised: 1477010446800000
18.2164
6.66138
      0
      0
      0
1 0 0 0 0
0 1 0 0 0
0 0 1 0 0
0 0 0 1 0
0 0 0 0 1
0

POS|0.0723801|0.258062
VEL|2.92421|3.96753
new measurement
POS|0.161309|0.187037
VEL|2.87794|3.99833
new measurement
predict L 
     18.2164
     6.66138
-2.25514e-17
-2.27682e-18
-2.25514e-17
update L 
Updated state x: 
      18.535
     6.75796
     0.01591
-2.27682e-18
-2.25514e-17
Updated state covariance P: 
   0.0220061  2.95416e-33   0.00109893 -8.70895e-34  4.05854e-33
 2.95416e-33    0.0220049 -4.66309e-33 -6.14508e-35  1.62739e-33
  0.00109893 -4.66309e-33      1.00005  1.46378e-33 -9.99321e-33
-8.70895e-34 -6.14508e-35  6.45261e-34       1.0025    0.0500625
 4.05854e-33  1.62739e-33 -1.07636e-32    0.0500625       1.0025
LNIS|0.113061
POS|0.133427|0.155252
VEL|2.82618|4.02867
new measurement
POS|0.143857|0.18509
VEL|2.77662|4.0585
new measurement
predict L 
     18.5355
     6.75796
     0.01591
-3.41524e-18
 2.42861e-17
update L 
Updated state x: 
    18.8535
    6.96834
   0.676779
 0.00435661
0.000406557
Updated state covariance P: 
   0.0117557  8.30579e-22    0.0244322  9.20978e-21  1.25373e-20
  8.2061e-22    0.0111249 -1.86604e-21   0.00023038   2.1499e-05
   0.0244322 -1.87325e-21     0.946997 -2.09731e-20 -2.85094e-20
 9.22309e-21   0.00023038  -2.0973e-20      1.01001      0.10025
 1.25373e-20   2.1499e-05 -2.85094e-20      0.10025        1.005
LNIS|11.929
POS|0.12891|0.20049
VEL|2.6194|4.0872
new measurement
POS|0.125508|0.263546
VEL|2.4969|4.11555
new measurement
predict L 
    18.8741
    6.96843
   0.676779
 0.00437694
0.000406557
update L 
Updated state x: 
  18.9343
   7.2732
 0.936056
 0.525731
0.0740085
Updated state covariance P: 
  0.00965682  5.85899e-06    0.0410091 -5.36755e-05  -7.6071e-06
 5.85899e-06   0.00761531  0.000117937    0.0130368   0.00184046
   0.0410091  0.000117937     0.818551  5.17084e-05  7.39405e-06
-5.36755e-05    0.0130368  5.17084e-05      1.01113      0.14895
 -7.6071e-06   0.00184046  7.39405e-06      0.14895      1.00727
LNIS|24.3273
POS|0.128552|0.28197
VEL|2.38244|4.07733
new measurement
POS|0.151283|0.336445
VEL|2.2844|4.05443
new measurement
predict L 
  18.9586
   7.2874
 0.936056
 0.529432
0.0740085
update L 
Updated state x: 
 19.0531
 7.54849
 1.73906
 1.43841
0.228273
Updated state covariance P: 
 0.00911449 0.000648727   0.0448674 -0.00943894 -0.00174837
0.000648727  0.00685102   0.0122326   0.0262633   0.0044874
  0.0448674   0.0122326    0.657368  0.00788512   0.0018064
-0.00943894   0.0262633  0.00788512     0.97925    0.190869
-0.00174837   0.0044874   0.0018064    0.190869      1.0083
LNIS|22.2867
POS|0.16513|0.363864
VEL|2.2443|3.9259
new measurement
POS|0.192377|0.419981
VEL|2.20265|3.82323
new measurement
predict L 
 19.0593
 7.59973
 1.73906
 1.44982
0.228273
update L 
Updated state x: 
 19.1807
 7.84429
 3.01699
 1.65833
0.247113
Updated state covariance P: 
 0.00887032 0.000253245   0.0288482  -0.0403627 -0.00894228
0.000253245  0.00767262   0.0289031    0.023037  0.00423407
  0.0288482   0.0289031     0.54034   0.0491422   0.0126542
 -0.0403627    0.023037   0.0491422    0.847819    0.208748
-0.00894228  0.00423407   0.0126542    0.208748     1.00382
LNIS|16.6928
POS|0.207748|0.450507
VEL|2.19948|3.67298
new measurement
POS|0.232335|0.505125
VEL|2.18786|3.54439
new measurement
predict L 
 19.1692
 7.93623
 3.01699
 1.67069
0.247113
update L 
Updated state x: 
  19.6467
  8.25322
  4.79307
-0.155896
-0.282631
Updated state covariance P: 
    0.013336 -0.000406774   0.00828568   -0.0589128   -0.0152982
-0.000406774   0.00782909    0.0346261   0.00846036  0.000890237
  0.00828568    0.0346261     0.455253    0.0771469     0.022817
  -0.0589128   0.00846036    0.0771469     0.484101     0.159468
  -0.0152982  0.000890237     0.022817     0.159468     0.980613
LNIS|40.2863
POS|0.223453|0.525825
VEL|2.26653|3.71156
new measurement
POS|0.217617|0.567919
VEL|2.34279|3.85267
new measurement
predict L 
  19.8287
  8.22742
  4.79307
-0.170028
-0.282631
update L 
Updated state x: 
19.8574
8.92535
6.42976
2.00052
 0.5716
Updated state covariance P: 
 0.00794639 -0.00159517   0.0250895  -0.0166066 -0.00202612
-0.00159517   0.0131712   0.0231958   0.0440686   0.0161404
  0.0250895   0.0231958    0.368833  0.00442155  -0.0102366
 -0.0166066   0.0440686  0.00442155     0.25351    0.124224
-0.00202612   0.0161404  -0.0102366    0.124224    0.953583
LNIS|33.6303
POS|0.210287|0.564807
VEL|2.50151|3.73483
new measurement
POS|0.204021|0.578333
VEL|2.62115|3.62795
new measurement
predict L 
19.7369
 9.1788
6.42976
 2.0291
 0.5716
update L 
Updated state x: 
 19.9829
 9.37938
 7.48944
 1.56595
0.140345
Updated state covariance P: 
   0.0138618 -0.000401785   0.00750109    -0.034117   -0.0165226
-0.000401785   0.00641387     0.028343    0.0053732  -0.00377696
  0.00750109     0.028343     0.316046    0.0214093   0.00935269
   -0.034117    0.0053732    0.0214093     0.130556     0.108012
  -0.0165226  -0.00377696   0.00935269     0.108012     0.923917
LNIS|20.4339
POS|0.197945|0.575786
VEL|2.55877|3.58368
new measurement
POS|0.192692|0.588225
VEL|2.49904|3.54275
new measurement
predict L 
 19.9822
 9.72869
 7.48944
 1.57297
0.140345
update L 
Updated state x: 
  20.0968
  9.95636
  8.49176
  1.45703
-0.130523
Updated state covariance P: 
   0.0160748 -0.000507573  0.000750129   -0.0242766   -0.0184587
-0.000507573    0.0070481    0.0302883   0.00250404  -0.00365126
 0.000750129    0.0302883     0.259166    0.0160381    0.0158092
  -0.0242766   0.00250404    0.0160381     0.050674    0.0851554
  -0.0184587  -0.00365126    0.0158092    0.0851554     0.873075
LNIS|17.4168
POS|0.187584|0.580969
VEL|2.43239|3.55012
new measurement
POS|0.18296|0.585647
VEL|2.37095|3.55571
new measurement
predict L 
  20.1442
  10.3665
  8.49176
   1.4505
-0.130523
update L 
Updated state x: 
  20.2715
  10.5696
  9.33452
  1.35022
-0.362496
Updated state covariance P: 
   0.0150653 -0.000859698  0.000139815   -0.0160459   -0.0207391
-0.000859698   0.00739399    0.0293782   0.00214676 -0.000799521
 0.000139815    0.0293782     0.204214   0.00929959    0.0130714
  -0.0160459   0.00214676   0.00929959    0.0256755    0.0836851
  -0.0207391 -0.000799521    0.0130714    0.0836851     0.817552
LNIS|13.6416
POS|0.180019|0.575134
VEL|2.33167|3.5955
new measurement
POS|0.176551|0.573352
VEL|2.29878|3.63055
new measurement
predict L 
  20.3756
  11.0172
  9.33452
   1.3321
-0.362496
update L 
Updated state x: 
  20.3215
  11.1309
  9.72535
  1.39797
-0.242279
Updated state covariance P: 
  0.0137607 -0.00121723  0.00144846   -0.012039  -0.0256762
-0.00121723  0.00750714   0.0268187  0.00232365  0.00357796
 0.00144846   0.0268187     0.15868  0.00476522  0.00448082
  -0.012039  0.00232365  0.00476522   0.0184252   0.0873238
 -0.0256762  0.00357796  0.00448082   0.0873238    0.741163
LNIS|3.21287
POS|0.173812|0.562521
VEL|2.26213|3.687
new measurement
POS|0.170838|0.558459
VEL|2.23097|3.73758
new measurement
predict L 
  20.4068
  11.6039
  9.72535
  1.38586
-0.242279
update L 
Updated state x: 
  20.5085
  11.7032
  10.1008
  1.31867
-0.461484
Updated state covariance P: 
  0.0129615 -0.00117423  0.00205833  -0.0105931  -0.0315451
-0.00117423  0.00732277     0.02371  0.00202338  0.00475267
 0.00205833     0.02371    0.124135  0.00208312 -0.00218742
 -0.0105931  0.00202338  0.00208312   0.0165112   0.0875002
 -0.0315451  0.00475267 -0.00218742   0.0875002    0.634378
LNIS|4.56559
POS|0.174566|0.547741
VEL|2.23374|3.79358
new measurement
POS|0.177524|0.54188
VEL|2.24145|3.84449
new measurement
predict L 
  20.6387
  12.1855
  10.1008
   1.2956
-0.461484
update L 
Updated state x: 
20.4453
12.3034
10.3445
1.46819
0.12702
Updated state covariance P: 
  0.0125575 -0.00137619  0.00302888   -0.010145  -0.0349835
-0.00137619  0.00713902   0.0206664  0.00229588  0.00743623
 0.00302888   0.0206664   0.0986892 0.000126003 -0.00791745
  -0.010145  0.00229588 0.000126003   0.0155948   0.0805911
 -0.0349835  0.00743623 -0.00791745   0.0805911    0.503849
LNIS|4.32441
POS|0.177437|0.531752
VEL|2.2096|3.91625
new measurement
POS|0.177531|0.524284
VEL|2.18202|3.98197
new measurement
predict L 
20.4961
12.8129
10.3445
1.47454
0.12702
update L 
Updated state x: 
 20.4935
 12.8364
 10.4089
 1.47923
0.139528
Updated state covariance P: 
   0.0126194  -0.00105905   0.00276794   -0.0100535   -0.0357819
 -0.00105905   0.00669317    0.0181759   0.00156771   0.00439684
  0.00276794    0.0181759    0.0800442 -0.000467239  -0.00727229
  -0.0100535   0.00156771 -0.000467239    0.0142397    0.0680503
  -0.0357819   0.00439684  -0.00727229    0.0680503     0.372448
LNIS|0.197995
POS|0.180022|0.515228
VEL|2.15642|4.04613
new measurement
POS|0.183117|0.507849
VEL|2.13486|4.10565
new measurement
predict L 
 20.5389
 13.3502
 10.4089
  1.4862
0.139528
update L 
Updated state x: 
  20.353
 13.3119
 10.2434
 1.62497
0.625521
Updated state covariance P: 
    0.012572 -0.000820591   0.00233452  -0.00964156   -0.0331458
-0.000820591   0.00631052     0.016096   0.00110155   0.00267788
  0.00233452     0.016096    0.0663078 -0.000436414   -0.0048223
 -0.00964156   0.00110155 -0.000436414    0.0123905    0.0539079
  -0.0331458   0.00267788   -0.0048223    0.0539079     0.262467
LNIS|3.58351
POS|0.181903|0.499637
VEL|2.10015|4.15535
new measurement
POS|0.181578|0.49305
VEL|2.06718|4.20216
new measurement
predict L 
 20.3175
 13.8189
 10.2434
 1.65624
0.625521
update L 
Updated state x: 
 20.3206
 13.8374
  10.289
 1.65419
0.615044
Updated state covariance P: 
   0.0123014 -0.000235165   0.00128249  -0.00898047   -0.0289636
-0.000235165   0.00591169    0.0143905   0.00023671 -0.000467372
  0.00128249    0.0143905    0.0562099  6.74588e-05   -0.0013537
 -0.00898047   0.00023671  6.74588e-05    0.0105193    0.0415841
  -0.0289636 -0.000467372   -0.0013537    0.0415841     0.182709
LNIS|0.165375
POS|0.181404|0.485756
VEL|2.03564|4.24749
new measurement
POS|0.182618|0.479253
VEL|2.00552|4.29066
new measurement
predict L 
 20.2702
 14.3461
  10.289
 1.68495
0.615044
update L 
Updated state x: 
 20.1912
 14.3428
 10.2816
 1.73924
0.778275
Updated state covariance P: 
   0.0119511  0.000157484  0.000339192  -0.00820296   -0.0245975
 0.000157484   0.00562267    0.0129305 -0.000245395  -0.00179187
 0.000339192    0.0129305    0.0487832  0.000545515   0.00109227
 -0.00820296 -0.000245395  0.000545515   0.00874936    0.0316077
  -0.0245975  -0.00179187   0.00109227    0.0316077     0.127577
LNIS|0.462348
POS|0.18152|0.472789
VEL|1.97989|4.32777
new measurement
POS|0.181908|0.466567
VEL|1.95429|4.36363
new measurement
predict L 
 20.0956
 14.8451
 10.2816
 1.77815
0.778275
update L 
Updated state x: 
19.9334
14.8199
10.2524
 1.8835
1.07439
Updated state covariance P: 
    0.011469  0.000562133 -0.000587273  -0.00737733   -0.0205293
 0.000562133   0.00540434    0.0116605 -0.000677351   -0.0028079
-0.000587273    0.0116605    0.0433262  0.000925153   0.00262572
 -0.00737733 -0.000677351  0.000925153    0.0072318    0.0240816
  -0.0205293   -0.0028079   0.00262572    0.0240816    0.0910007
LNIS|2.28308
POS|0.179433|0.460716
VEL|1.95147|4.38602
new measurement
POS|0.1774|0.454905
VEL|1.94578|4.4083
new measurement
predict L 
19.7634
15.3012
10.2524
1.93722
1.07439
update L 
Updated state x: 
 19.8827
 15.2907
 10.1897
 1.86728
0.897357
Updated state covariance P: 
  0.0108219  0.00106184 -0.00157889 -0.00655082  -0.0169344
 0.00106184  0.00529506   0.0104792  -0.0011761 -0.00392314
-0.00157889   0.0104792   0.0393686  0.00124112  0.00363648
-0.00655082  -0.0011761  0.00124112  0.00601086   0.0186291
 -0.0169344 -0.00392314  0.00363648   0.0186291   0.0671999
LNIS|1.94452
POS|0.175728|0.449611
VEL|1.93411|4.4303
new measurement
POS|0.175656|0.444155
VEL|1.92078|4.45242
new measurement
predict L 
 19.7235
 15.7728
 10.1897
 1.91215
0.897357
update L 
Updated state x: 
 19.7979
  15.733
  10.078
 1.87556
0.815848
Updated state covariance P: 
  0.0102859  0.00125798  -0.0022329 -0.00585144  -0.0141556
 0.00125798  0.00517861   0.0095479 -0.00130874 -0.00388747
 -0.0022329   0.0095479   0.0364101  0.00138919  0.00394584
-0.00585144 -0.00130874  0.00138919  0.00502756   0.0146757
 -0.0141556 -0.00388747  0.00394584   0.0146757   0.0516321
LNIS|2.71098
POS|0.175641|0.439205
VEL|1.90681|4.471
new measurement
POS|0.178401|0.434154
VEL|1.89163|4.49006
new measurement
predict L 
 19.6374
 16.2091
  10.078
 1.91635
0.815848
update L 
Updated state x: 
 19.5549
 16.1548
 10.0192
 1.96592
0.933967
Updated state covariance P: 
 0.00978009  0.00132882 -0.00265759 -0.00524795  -0.0119706
 0.00132882  0.00505221  0.00881113 -0.00131732 -0.00357445
-0.00265759  0.00881113   0.0341478  0.00140976  0.00382358
-0.00524795 -0.00131732  0.00140976  0.00425951    0.011861
 -0.0119706 -0.00357445  0.00382358    0.011861   0.0415217
LNIS|1.86222
POS|0.177329|0.429438
VEL|1.8899|4.50002
new measurement
POS|0.178677|0.424799
VEL|1.88574|4.51096
new measurement
predict L 
 19.3518
 16.6113
 10.0192
 2.01262
0.933967
update L 
Updated state x: 
19.2832
16.5287
 9.9118
2.05752
1.03877
Updated state covariance P: 
 0.00923603  0.00145323 -0.00304894 -0.00470655  -0.0101885
 0.00145323  0.00499016  0.00813958 -0.00139819 -0.00353123
-0.00304894  0.00813958   0.0324355  0.00138005  0.00357237
-0.00470655 -0.00139819  0.00138005  0.00366981  0.00987168
 -0.0101885 -0.00353123  0.00357237  0.00987168   0.0349508
LNIS|4.10277
POS|0.176974|0.42015
VEL|1.89757|4.51146
new measurement
POS|0.177154|0.416138
VEL|1.9058|4.51336
new measurement
predict L 
19.0406
16.9595
 9.9118
2.10946
1.03877
update L 
Updated state x: 
19.0175
16.9301
9.87714
2.12463
1.07277
Updated state covariance P: 
 0.00867077  0.00158755 -0.00342271 -0.00422706 -0.00874132
 0.00158755  0.00498146  0.00752052  -0.0015101 -0.00361092
-0.00342271  0.00752052   0.0311579  0.00133284  0.00330606
-0.00422706  -0.0015101  0.00133284  0.00322422  0.00847873
-0.00874132 -0.00361092  0.00330606  0.00847873   0.0306973
LNIS|0.51518
POS|0.175365|0.411742
VEL|1.92584|4.50903
new measurement
POS|0.175252|0.408061
VEL|1.94169|4.5063
new measurement
predict L 
18.7471
17.3422
9.87714
2.17827
1.07277
update L 
Updated state x: 
18.7022
17.3413
9.91194
2.19781
 1.1108
Updated state covariance P: 
 0.00815596  0.00169643 -0.00375982 -0.00382194 -0.00761003
 0.00169643  0.00500377  0.00697279 -0.00161139  -0.0036957
-0.00375982  0.00697279   0.0302084  0.00127516  0.00304597
-0.00382194 -0.00161139  0.00127516  0.00288588  0.00750014
-0.00761003  -0.0036957  0.00304597  0.00750014   0.0279387
LNIS|0.590249
POS|0.173463|0.403951
VEL|1.97184|4.49792
new measurement
POS|0.172656|0.400387
VEL|1.99707|4.49125
new measurement
predict L 
18.4009
17.7337
9.91194
2.25335
 1.1108
update L 
Updated state x: 
18.2845
17.6692
9.91405
2.31324
1.23052
Updated state covariance P: 
 0.00768417  0.00179264   -0.004077 -0.00347379 -0.00670902
 0.00179264  0.00506391  0.00647283  -0.0017156 -0.00381848
  -0.004077  0.00647283     0.02951  0.00121326  0.00280768
-0.00347379  -0.0017156  0.00121326  0.00262788   0.0068122
-0.00670902 -0.00381848  0.00280768   0.0068122   0.0261556
LNIS|3.35293
POS|0.17218|0.396443
VEL|2.04644|4.47407
new measurement
POS|0.170517|0.393519
VEL|2.08929|4.45874
new measurement
predict L 
17.9388
18.0234
9.91405
2.37477
1.23052
update L 
Updated state x: 
 18.027
18.0513
9.86698
2.33509
1.15538
Updated state covariance P: 
 0.00717833  0.00188668 -0.00441383 -0.00314319 -0.00590727
 0.00188668  0.00519108  0.00595514 -0.00185652 -0.00405676
-0.00441383  0.00595514   0.0290235  0.00115916  0.00262205
-0.00314319 -0.00185652  0.00115916  0.00243647  0.00634207
-0.00590727 -0.00405676  0.00262205  0.00634207   0.0250378
LNIS|2.18748
POS|0.169455|0.38979
VEL|2.13049|4.44247
new measurement
POS|0.168077|0.386883
VEL|2.16635|4.42804
new measurement
predict L 
 17.676
18.3968
9.86698
2.39286
1.15538
update L 
Updated state x: 
17.7288
18.3741
 9.7759
2.37938
1.13519
Updated state covariance P: 
 0.00678688  0.00192415 -0.00469331 -0.00288313 -0.00532355
 0.00192415  0.00529554  0.00554289 -0.00194634 -0.00418619
-0.00469331  0.00554289   0.0286671  0.00110233  0.00244847
-0.00288313 -0.00194634  0.00110233  0.00229424  0.00602407
-0.00532355 -0.00418619  0.00244847  0.00602407   0.0243547
LNIS|2.97247
POS|0.166839|0.383365
VEL|2.20478|4.41008
new measurement
POS|0.165834|0.380825
VEL|2.23845|4.39395
new measurement
predict L 
17.3663
 18.701
 9.7759
2.43614
1.13519
update L 
Updated state x: 
17.3718
18.7032
9.77258
2.43372
 1.1307
Updated state covariance P: 
 0.00643967  0.00192854 -0.00493796 -0.00266057 -0.00485387
 0.00192854   0.0053958  0.00518486 -0.00202205  -0.0043008
-0.00493796  0.00518486   0.0283992  0.00104398  0.00228518
-0.00266057 -0.00202205  0.00104398  0.00219339  0.00582247
-0.00485387  -0.0043008  0.00228518  0.00582247   0.0239742
LNIS|0.0103888
POS|0.164782|0.377493
VEL|2.27809|4.37442
new measurement
POS|0.163789|0.375082
VEL|2.31317|4.35668
new measurement
predict L 
16.9922
19.0099
9.77258
2.49026
 1.1307
update L 
Updated state x: 
17.0317
18.9953
9.70372
2.48165
1.11863
Updated state covariance P: 
 0.00612648  0.00192108 -0.00516352 -0.00246485 -0.00445997
 0.00192108  0.00551341  0.00485138 -0.00210332 -0.00444562
-0.00516352  0.00485138   0.0281955 0.000986942   0.0021373
-0.00246485 -0.00210332 0.000986942  0.00212457  0.00570302
-0.00445997 -0.00444562   0.0021373  0.00570302   0.0237863
LNIS|1.77951
POS|0.162626|0.371963
VEL|2.35093|4.33584
new measurement
POS|0.162014|0.369823
VEL|2.38457|4.31675
new measurement
predict L 
16.6408
19.2815
9.70372
2.53758
1.11863
update L 
Updated state x: 
16.6039
19.2183
9.67344
2.56672
1.17788
Updated state covariance P: 
 0.00584323   0.0018956 -0.00536888 -0.00229113  -0.0041224
  0.0018956  0.00563473  0.00454396  -0.0021842  -0.0045984
-0.00536888  0.00454396   0.0280359 0.000932864  0.00200561
-0.00229113  -0.0021842 0.000932864  0.00208173  0.00564365
 -0.0041224  -0.0045984  0.00200561  0.00564365   0.0237237
LNIS|1.78866
POS|0.161368|0.367159
VEL|2.4269|4.29219
new measurement
POS|0.160374|0.36581
VEL|2.46504|4.26926
new measurement
predict L 
 16.191
19.4689
9.67344
2.62561
1.17788
update L 
Updated state x: 
16.2137
19.5106
9.69049
2.60652
1.13901
Updated state covariance P: 
 0.00554434  0.00185373 -0.00557712 -0.00211056 -0.00376088
 0.00185373  0.00579437  0.00420258  -0.0022889 -0.00481502
-0.00557712  0.00420258   0.0279192 0.000887481  0.00190636
-0.00211056  -0.0022889 0.000887481  0.00205955  0.00562627
-0.00376088 -0.00481502  0.00190636  0.00562627   0.0237345
LNIS|0.73949
POS|0.159726|0.363179
VEL|2.50525|4.24505
new measurement
POS|0.158873|0.361619
VEL|2.54171|4.2224
new measurement
predict L 
15.7906
19.7453
9.69049
2.66347
1.13901
update L 
Updated state x: 
15.8321
19.7891
9.67782
2.63859
1.09059
Updated state covariance P: 
 0.00529739  0.00180602 -0.00576807 -0.00195431 -0.00346031
 0.00180602  0.00595843  0.00388708 -0.00238903 -0.00501746
-0.00576807  0.00388708   0.0278267  0.00084812  0.00182591
-0.00195431 -0.00238903  0.00084812  0.00204949  0.00562874
-0.00346031 -0.00501746  0.00182591  0.00562874   0.0237679
LNIS|0.998199
POS|0.158002|0.358999
VEL|2.57846|4.19893
new measurement
POS|0.157541|0.357194
VEL|2.61196|4.17698
new measurement
predict L 
15.4025
20.0104
9.67782
2.69312
1.09059
update L 
Updated state x: 
15.4229
20.0599
9.69743
2.67156
1.04626
Updated state covariance P: 
 0.00509425  0.00175138 -0.00593826 -0.00181849 -0.00320848
 0.00175138  0.00611356  0.00360154 -0.00247851  -0.0051903
-0.00593826  0.00360154    0.027744 0.000812225  0.00175297
-0.00181849 -0.00247851 0.000812225  0.00204638  0.00563924
-0.00320848  -0.0051903  0.00175297  0.00563924   0.0238014
LNIS|0.966283
POS|0.156612|0.354573
VEL|2.64658|4.15426
new measurement
POS|0.156421|0.352482
VEL|2.67834|4.13302
new measurement
predict L 
14.9856
20.2678
9.69743
2.72388
1.04626
update L 
Updated state x: 
 15.0457
 20.3316
 9.66428
 2.68816
0.977033
Updated state covariance P: 
 0.00492338  0.00169304 -0.00608925 -0.00169652 -0.00298692
 0.00169304  0.00626439  0.00333698 -0.00256018 -0.00534285
-0.00608925  0.00333698   0.0276638 0.000778214  0.00168172
-0.00169652 -0.00256018 0.000778214  0.00204609  0.00564937
-0.00298692 -0.00534285  0.00168172  0.00564937   0.0238213
LNIS|2.30899
POS|0.155295|0.349921
VEL|2.70848|4.11194
new measurement
POS|0.156129|0.34756
VEL|2.73625|4.0923
new measurement
predict L 
 14.6068
 20.5323
 9.66428
 2.73701
0.977033
update L 
Updated state x: 
 14.6251
 20.5584
 9.65838
 2.72385
0.951034
Updated state covariance P: 
 0.00478995  0.00163407  -0.0062162 -0.00159477 -0.00281237
 0.00163407  0.00638892  0.00311223 -0.00262463 -0.00545191
 -0.0062162  0.00311223   0.0275781 0.000743421  0.00160304
-0.00159477 -0.00262463 0.000743421  0.00204717  0.00565781
-0.00281237 -0.00545191  0.00160304  0.00565781   0.0238309
LNIS|0.281399
POS|0.15503|0.345159
VEL|2.76494|4.07157
new measurement
POS|0.156428|0.342774
VEL|2.79154|4.05223
new measurement
predict L 
 14.1797
 20.7435
 9.65838
 2.77141
0.951034
update L 
Updated state x: 
14.1427
20.6909
9.67484
2.79791
1.00325
Updated state covariance P: 
 0.00466616  0.00156746 -0.00632707 -0.00149408 -0.00263264
 0.00156746  0.00650862  0.00289334 -0.00268464 -0.00555287
-0.00632707  0.00289334   0.0274888 0.000708649  0.00152179
-0.00149408 -0.00268464 0.000708649  0.00204875  0.00566388
-0.00263264 -0.00555287  0.00152179  0.00566388   0.0238318
LNIS|1.17535
POS|0.155368|0.340428
VEL|2.82224|4.02962
new measurement
POS|0.156277|0.33817
VEL|2.85093|4.00824
new measurement
predict L 
13.6839
20.8422
9.67484
2.84807
1.00325
update L 
Updated state x: 
13.6331
20.7936
9.72275
2.87542
1.05541
Updated state covariance P: 
  0.0045167   0.0014704 -0.00643314 -0.00136376 -0.00236868
  0.0014704  0.00664963  0.00262441 -0.00275461 -0.00568167
-0.00643314  0.00262441   0.0274076 0.000679224  0.00145822
-0.00136376 -0.00275461 0.000679224  0.00205063  0.00566782
-0.00236868 -0.00568167  0.00145822  0.00566782   0.0238253
LNIS|1.92703
POS|0.155411|0.335912
VEL|2.88354|3.98424
new measurement
POS|0.155609|0.333801
VEL|2.91422|3.96127
new measurement
predict L 
13.1614
20.9088
9.72275
2.92819
1.05541
update L 
Updated state x: 
13.1462
20.8816
9.73036
2.94109
1.08088
Updated state covariance P: 
  0.0043529  0.00134113 -0.00653345 -0.00120649 -0.00203474
 0.00134113  0.00680751  0.00230413 -0.00283023 -0.00582439
-0.00653345  0.00230413   0.0273426 0.000658747   0.0014235
-0.00120649 -0.00283023 0.000658747  0.00205176  0.00566771
-0.00203474 -0.00582439   0.0014235  0.00566771   0.0238079
LNIS|0.278079
POS|0.15487|0.331657
VEL|2.94638|3.93685
new measurement
POS|0.154893|0.329673
VEL|2.9768|3.91331
new measurement
predict L 
12.6676
20.9654
9.73036
2.99513
1.08088
update L 
Updated state x: 
12.7108
21.0052
9.67806
2.97359
1.04082
Updated state covariance P: 
 0.00419688  0.00118618 -0.00662383 -0.00103653 -0.00167334
 0.00118618  0.00695726  0.00195486 -0.00289938 -0.00594876
-0.00662383  0.00195486    0.027295 0.000647432  0.00141542
-0.00103653 -0.00289938 0.000647432  0.00205189    0.005664
-0.00167334 -0.00594876  0.00141542    0.005664   0.0237826
LNIS|1.70356
POS|0.153975|0.32758
VEL|3.00579|3.88962
new measurement
POS|0.154639|0.325559
VEL|3.03336|3.86674
new measurement
predict L 
12.2324
21.0736
9.67806
3.02563
1.04082
update L 
Updated state x: 
12.2293
21.0838
9.68851
3.02189
1.03266
Updated state covariance P: 
  0.00407723    0.0010348  -0.00670211 -0.000884274  -0.00136536
   0.0010348   0.00707252   0.00162714  -0.00295028  -0.00602693
 -0.00670211   0.00162714     0.027255  0.000640631   0.00141539
-0.000884274  -0.00295028  0.000640631    0.0020513   0.00565872
 -0.00136536  -0.00602693   0.00141539   0.00565872    0.0237575
LNIS|0.0693607
POS|0.153746|0.323544
VEL|3.06114|3.84342
new measurement
POS|0.154422|0.32157
VEL|3.08771|3.82081
new measurement
predict L 
11.7477
21.1291
9.68851
3.07352
1.03266
update L 
Updated state x: 
11.7257
21.0424
9.69323
3.11079
1.10721
Updated state covariance P: 
  0.00397654  0.000876055  -0.00676634 -0.000732972  -0.00106209
 0.000876055   0.00717339   0.00129553  -0.00299244  -0.00608716
 -0.00676634   0.00129553    0.0272211  0.000636851   0.00141912
-0.000732972  -0.00299244  0.000636851   0.00204963   0.00565161
 -0.00106209  -0.00608716   0.00141912   0.00565161    0.0237323
LNIS|2.2106
POS|0.153627|0.319732
VEL|3.11448|3.79772
new measurement
POS|0.154022|0.317961
VEL|3.14022|3.77508
new measurement
predict L 
11.2417
21.0439
9.69323
3.16615
1.10721
update L 
Updated state x: 
11.2633
21.0555
9.65752
3.15984
1.09678
Updated state covariance P: 
  0.00387518  0.000671836  -0.00680881 -0.000547926   -0.0006716
 0.000671836   0.00725945  0.000905366  -0.00302964  -0.00613784
 -0.00680881  0.000905366    0.0272034  0.000639716   0.00144078
-0.000547926  -0.00302964  0.000639716   0.00204845   0.00564606
  -0.0006716  -0.00613784   0.00144078   0.00564606    0.0237126
LNIS|0.552353
POS|0.15316|0.316199
VEL|3.16445|3.75288
new measurement
POS|0.153925|0.314465
VEL|3.18787|3.73101
new measurement
predict L 
10.7816
21.0335
9.65752
3.21467
1.09678
update L 
Updated state x: 
10.7977
21.0011
9.62202
3.22734
1.12445
Updated state covariance P: 
   0.0038042  0.000469593  -0.00683653  -0.00037155 -0.000310678
 0.000469593   0.00731759  0.000519616  -0.00305445  -0.00616059
 -0.00683653  0.000519616    0.0271955   0.00064615   0.00146863
 -0.00037155  -0.00305445   0.00064615   0.00204777   0.00564228
-0.000310678  -0.00616059   0.00146863   0.00564228    0.0236994
LNIS|0.798427
POS|0.153043|0.312939
VEL|3.20941|3.71012
new measurement
POS|0.154153|0.311384
VEL|3.23035|3.68938
new measurement
predict L 
10.3204
20.9465
9.62202
3.28357
1.12445
update L 
Updated state x: 
10.3014
21.0307
9.66331
3.24886
1.05219
Updated state covariance P: 
  0.00375542   0.00025271  -0.00684172 -0.000186653  6.89785e-05
  0.00025271   0.00734655  0.000114644  -0.00306848  -0.00615978
 -0.00684172  0.000114644    0.0271982  0.000655995   0.00150292
-0.000186653  -0.00306848  0.000655995   0.00204844     0.005642
 6.89785e-05  -0.00615978   0.00150292     0.005642    0.0236954
LNIS|2.7356
POS|0.153301|0.309703
VEL|3.25111|3.66914
new measurement
POS|0.15423|0.308005
VEL|3.27141|3.64905
new measurement
predict L 
9.82314
20.9664
9.66331
3.30147
1.05219
update L 
Updated state x: 
9.85195
20.9713
 9.6105
 3.2994
1.05134
Updated state covariance P: 
  0.00373816  7.07654e-05  -0.00684194 -3.38912e-05  0.000360534
 7.07654e-05   0.00737479 -0.000246627  -0.00307738  -0.00615412
 -0.00684194 -0.000246627    0.0271983  0.000663349   0.00152357
-3.38912e-05  -0.00307738  0.000663349   0.00204719   0.00563801
 0.000360534  -0.00615412   0.00152357   0.00563801    0.0236856
LNIS|1.11643
POS|0.153389|0.306391
VEL|3.28948|3.63002
new measurement
POS|0.154902|0.304739
VEL|3.30725|3.61103
new measurement
predict L 
9.38016
20.8834
 9.6105
3.35197
1.05134
update L 
Updated state x: 
9.40663
20.8803
9.56246
3.35379
1.05792
Updated state covariance P: 
  0.00373943 -0.000110282  -0.00682342  0.000117849  0.000652211
-0.000110282   0.00736938 -0.000602693  -0.00307354  -0.00612132
 -0.00682342 -0.000602693    0.0271956  0.000668081   0.00153303
 0.000117849  -0.00307354  0.000668081   0.00204639   0.00563613
 0.000652211  -0.00612132   0.00153303   0.00563613    0.0236832
LNIS|0.93842
POS|0.154168|0.303211
VEL|3.32266|3.59342
new measurement
POS|0.156333|0.301612
VEL|3.33793|3.57574
new measurement
predict L 
8.94267
20.7674
9.56246
3.40668
1.05792
update L 
Updated state x: 
8.90197
20.7883
 9.6323
3.39635
1.03303
Updated state covariance P: 
  0.00375888 -0.000291776  -0.00678454  0.000271879  0.000952123
-0.000291776    0.0073361 -0.000958068  -0.00306013  -0.00606939
 -0.00678454 -0.000958068    0.0271916  0.000670841   0.00153559
 0.000271879  -0.00306013  0.000670841   0.00204738   0.00563909
 0.000952123  -0.00606939   0.00153559   0.00563909    0.0236929
LNIS|2.19544
POS|0.155538|0.300109
VEL|3.35272|3.55938
new measurement
POS|0.15714|0.298544
VEL|3.36746|3.54288
new measurement
predict L 
8.43979
20.6551
 9.6323
  3.448
1.03303
update L 
Updated state x: 
8.40672
 20.604
9.70713
3.46713
1.06693
Updated state covariance P: 
  0.00379588 -0.000465085  -0.00673205  0.000419683   0.00123719
-0.000465085   0.00730768  -0.00129966  -0.00304586  -0.00602255
 -0.00673205  -0.00129966    0.0271841  0.000670719   0.00152939
 0.000419683  -0.00304586  0.000670719   0.00204736   0.00563979
  0.00123719  -0.00602255   0.00152939   0.00563979    0.0236973
LNIS|2.68808
POS|0.156332|0.297303
VEL|3.38048|3.52908
new measurement
POS|0.157528|0.295848
VEL|3.39354|3.51498
new measurement
predict L 
7.95176
20.4367
9.70713
3.52047
1.06693
update L 
Updated state x: 
 7.9401
20.4429
9.72558
3.51698
1.05882
Updated state covariance P: 
  0.00385605 -0.000656854  -0.00664751  0.000585912   0.00157252
-0.000656854   0.00725904  -0.00166199  -0.00302136  -0.00595417
 -0.00664751  -0.00166199      0.02718  0.000670685   0.00152623
 0.000585912  -0.00302136  0.000670685   0.00204564   0.00563644
  0.00157252  -0.00595417   0.00152623   0.00563644    0.0236915
LNIS|0.162335
POS|0.156738|0.294722
VEL|3.40473|3.50297
new measurement
POS|0.157927|0.293321
VEL|3.41605|3.49058
new measurement
predict L 
7.49315
20.2529
9.72558
3.56992
1.05882
update L 
Updated state x: 
 7.43325
  20.309
 9.80417
 3.54108
0.996256
Updated state covariance P: 
  0.00393549 -0.000837727  -0.00654752  0.000746633     0.001892
-0.000837727   0.00719072  -0.00201476  -0.00298704  -0.00586631
 -0.00654752  -0.00201476    0.0271772  0.000670246   0.00152347
 0.000746633  -0.00298704  0.000670246   0.00204254   0.00563016
    0.001892  -0.00586631   0.00152347   0.00563016    0.0236792
LNIS|4.02998
POS|0.157165|0.292088
VEL|3.42734|3.47919
new measurement
POS|0.15769|0.290662
VEL|3.43881|3.46741
new measurement
predict L 
 6.98711
 20.1074
 9.80417
 3.59089
0.996256
update L 
Updated state x: 
 6.95296
 20.1398
 9.84527
 3.57385
0.959669
Updated state covariance P: 
  0.00402241 -0.000990353  -0.00645177  0.000882695   0.00214773
-0.000990353    0.0071345  -0.00232919  -0.00295325  -0.00578836
 -0.00645177  -0.00232919    0.0271675  0.000665971   0.00150872
 0.000882695  -0.00295325  0.000665971   0.00203617    0.0056172
  0.00214773  -0.00578836   0.00150872    0.0056172    0.0236535
LNIS|1.21024
POS|0.156995|0.289404
VEL|3.44934|3.45704
new measurement
POS|0.157211|0.28801
VEL|3.46011|3.44625
new measurement
predict L 
 6.51163
 19.9232
 9.84527
 3.62183
0.959669
update L 
Updated state x: 
  6.4847
 19.9577
 9.86933
 3.60465
0.923832
Updated state covariance P: 
 0.00411553 -0.00112416 -0.00635246  0.00100517  0.00237323
-0.00112416  0.00706906 -0.00261707 -0.00291337  -0.0057011
-0.00635246 -0.00261707   0.0271492 0.000657158  0.00148062
 0.00100517 -0.00291337 0.000657158  0.00202756  0.00560052
 0.00237323  -0.0057011  0.00148062  0.00560052   0.0236223
LNIS|0.744972
POS|0.156592|0.28672
VEL|3.4698|3.43674
new measurement
POS|0.15659|0.28539
VEL|3.47979|3.42682
new measurement
predict L 
 6.04897
 19.7274
 9.86933
 3.65084
0.923832
update L 
Updated state x: 
 6.00814
 19.7698
 9.90831
 3.62838
0.876654
Updated state covariance P: 
 0.00421135  -0.0012394 -0.00625128  0.00111513  0.00257263
 -0.0012394  0.00699375 -0.00287845 -0.00286858 -0.00560676
-0.00625128 -0.00287845   0.0271217 0.000643727  0.00143979
 0.00111513 -0.00286858 0.000643727   0.0020182  0.00558365
 0.00257263 -0.00560676  0.00143979  0.00558365   0.0235934
LNIS|1.50503
POS|0.156157|0.284071
VEL|3.48922|3.41785
new measurement
POS|0.155845|0.282877
VEL|3.49897|3.40847
new measurement
predict L 
 5.57601
 19.5288
 9.90831
 3.67222
0.876654
update L 
Updated state x: 
 5.59522
 19.5364
 9.87044
 3.67254
0.879205
Updated state covariance P: 
 0.00430499 -0.00133604 -0.00615392  0.00121071  0.00274171
-0.00133604  0.00691937 -0.00310906 -0.00282362 -0.00551723
-0.00615392 -0.00310906   0.0270843 0.000625342  0.00138564
 0.00121071 -0.00282362 0.000625342  0.00200865  0.00556762
 0.00274171 -0.00551723  0.00138564  0.00556762   0.0235681
LNIS|0.569697
POS|0.155315|0.281584
VEL|3.50626|3.40095
new measurement
POS|0.155133|0.28049
VEL|3.51393|3.39297
new measurement
predict L 
 5.17577
 19.2775
 9.87044
  3.7165
0.879205
update L 
Updated state x: 
 5.16441
 19.3269
  9.8479
 3.69622
0.839539
Updated state covariance P: 
 0.00440713 -0.00142453   -0.006042  0.00130945  0.00292625
-0.00142453  0.00681424 -0.00333321  -0.0027681 -0.00540163
  -0.006042 -0.00333321   0.0270423 0.000605089  0.00132946
 0.00130945  -0.0027681 0.000605089  0.00200178  0.00555841
 0.00292625 -0.00540163  0.00132946  0.00555841    0.023558
LNIS|0.811335
POS|0.154649|0.279241
VEL|3.52046|3.38578
new measurement
POS|0.15439|0.278455
VEL|3.52739|3.37816
new measurement
predict L 
 4.75189
 19.0592
  9.8479
  3.7382
0.839539
update L 
Updated state x: 
 4.78496
 19.0269
 9.82319
 3.75618
0.876848
Updated state covariance P: 
 0.00450392 -0.00149547  -0.0059351  0.00139655  0.00308456
-0.00149547  0.00671083 -0.00353228 -0.00271532 -0.00529571
 -0.0059351 -0.00353228   0.0269953 0.000582843  0.00126962
 0.00139655 -0.00271532 0.000582843  0.00199795  0.00555592
 0.00308456 -0.00529571  0.00126962  0.00555592   0.0235615
LNIS|0.815032
POS|0.153781|0.277222
VEL|3.53117|3.37334
new measurement
POS|0.153765|0.2764
VEL|3.53538|3.36802
new measurement
predict L 
 4.39049
 18.7353
 9.82319
 3.80002
0.876848
update L 
Updated state x: 
 4.39963
 18.7587
 9.78667
 3.79361
0.865669
Updated state covariance P: 
 0.00462363  -0.0015706 -0.00579744  0.00150182  0.00329464
 -0.0015706  0.00657317 -0.00374617 -0.00264956 -0.00515459
-0.00579744 -0.00374617   0.0269516 0.000563151  0.00122204
 0.00150182 -0.00264956 0.000563151  0.00199782  0.00556064
 0.00329464 -0.00515459  0.00122204  0.00556064   0.0235772
LNIS|0.568896
POS|0.153125|0.275221
VEL|3.53766|3.36421
new measurement
POS|0.153236|0.274622
VEL|3.5404|3.35989
new measurement
predict L 
 4.01768
 18.4538
 9.78667
 3.83689
0.865669
update L 
Updated state x: 
 4.06739
 18.4437
 9.72032
 3.85124
0.897677
Updated state covariance P: 
 0.00474659 -0.00163428 -0.00565355   0.0016042  0.00349609
-0.00163428  0.00643248 -0.00395226  -0.0025835 -0.00501375
-0.00565355 -0.00395226   0.0269113 0.000546251  0.00118498
  0.0016042  -0.0025835 0.000546251   0.0020008  0.00557057
 0.00349609 -0.00501375  0.00118498  0.00557057   0.0236002
LNIS|2.17164
POS|0.152603|0.273467
VEL|3.53998|3.35807
new measurement
POS|0.153315|0.272915
VEL|3.54003|3.35571
new measurement
predict L 
 3.70637
 18.1193
 9.72032
 3.89612
0.897677
update L 
Updated state x: 
 3.6491
18.1511
9.77171
3.87195
0.84651
Updated state covariance P: 
 0.00488639 -0.00169066 -0.00548263  0.00171678  0.00372272
-0.00169066   0.0062648 -0.00416936 -0.00250584 -0.00484159
-0.00548263 -0.00416936    0.026879 0.000534559  0.00116536
 0.00171678 -0.00250584 0.000534559  0.00200734  0.00558639
 0.00372272 -0.00484159  0.00116536  0.00558639   0.0236317
LNIS|2.12002
POS|0.152671|0.271843
VEL|3.53974|3.35428
new measurement
POS|0.15292|0.271585
VEL|3.53992|3.35234
new measurement
predict L 
3.29257
17.8179
9.77171
3.91427
0.84651
update L 
Updated state x: 
 3.26054
 17.8122
 9.82461
 3.90821
0.831773
Updated state covariance P: 
 0.00502097    -0.00174 -0.00532375   0.0018161  0.00391223
   -0.00174   0.0061329 -0.00436557 -0.00244194 -0.00470919
-0.00532375 -0.00436557    0.026849 0.000524767   0.0011493
  0.0018161 -0.00244194 0.000524767  0.00201316  0.00559823
 0.00391223 -0.00470919   0.0011493  0.00559823   0.0236508
LNIS|1.19762
POS|0.152303|0.27054
VEL|3.5389|3.35226
new measurement
POS|0.152347|0.270356
VEL|3.53834|3.35165
new measurement
predict L 
 2.91433
 17.4645
 9.82461
  3.9498
0.831773
update L 
Updated state x: 
 2.89351
 17.5558
 9.74657
 3.91533
0.766003
Updated state covariance P: 
 0.00516244 -0.00178484 -0.00515838  0.00191309  0.00409683
-0.00178484  0.00600672 -0.00455504 -0.00237698 -0.00457484
-0.00515838 -0.00455504   0.0268214 0.000516369  0.00113543
 0.00191309 -0.00237698 0.000516369  0.00201636  0.00560266
 0.00409683 -0.00457484  0.00113543  0.00560266   0.0236519
LNIS|4.11795
POS|0.151752|0.269686
VEL|3.53741|3.35051
new measurement
POS|0.151702|0.270437
VEL|3.53694|3.34893
new measurement
predict L 
 2.55195
  17.209
 9.74657
 3.95363
0.766003
update L 
Updated state x: 
 2.56238
 17.1764
   9.772
 3.96658
0.790955
Updated state covariance P: 
 0.00527065  -0.0018068 -0.00502057  0.00198342  0.00421289
 -0.0018068  0.00590144 -0.00471251 -0.00232178 -0.00446736
-0.00502057 -0.00471251   0.0267905 0.000505745   0.0011107
 0.00198342 -0.00232178 0.000505745  0.00201898  0.00560593
 0.00421289 -0.00446736   0.0011107  0.00560593   0.0236531
LNIS|0.499751
POS|0.151098|0.269713
VEL|3.53433|3.3498
new measurement
POS|0.151153|0.270377
VEL|3.53216|3.35018
new measurement
predict L 
 2.23841
 16.8114
   9.772
 4.00613
0.790955
update L 
Updated state x: 
 2.24029
 16.8158
 9.76393
 4.00533
0.789698
Updated state covariance P: 
 0.00540071 -0.00182609 -0.00485644  0.00206558  0.00436569
-0.00182609  0.00577465 -0.00487725 -0.00225256 -0.00432161
-0.00485644 -0.00487725    0.026762 0.000495829  0.00108819
 0.00206558 -0.00225256 0.000495829  0.00202073   0.0056074
 0.00436569 -0.00432161  0.00108819   0.0056074   0.0236518
LNIS|0.0263238
POS|0.150557|0.269748
VEL|3.52841|3.35211
new measurement
POS|0.150702|0.270635
VEL|3.52509|3.35357
new measurement
predict L 
 1.93095
 16.4389
 9.76393
 4.04482
0.789698
update L 
Updated state x: 
 1.94802
 16.3587
  9.8472
 4.07316
0.843122
Updated state covariance P: 
 0.00553364 -0.00183526 -0.00468279  0.00214653  0.00451745
-0.00183526  0.00564186 -0.00503836 -0.00217752 -0.00416225
-0.00468279 -0.00503836   0.0267368 0.000487189  0.00106987
 0.00214653 -0.00217752 0.000487189  0.00202204  0.00560823
 0.00451745 -0.00416225  0.00106987  0.00560823   0.0236505
LNIS|3.86146
POS|0.150154|0.269741
VEL|3.51922|3.3587
new measurement
POS|0.150569|0.270013
VEL|3.51375|3.36329
new measurement
predict L 
 1.66305
 15.9579
  9.8472
 4.11532
0.843122
update L 
Updated state x: 
 1.59799
 16.0065
 9.86044
 4.08202
0.775554
Updated state covariance P: 
 0.00570369 -0.00183878 -0.00446432  0.00224534  0.00471794
-0.00183878   0.0054791 -0.00521623 -0.00208076 -0.00394806
-0.00446432 -0.00521623   0.0267214 0.000483546    0.001069
 0.00224534 -0.00208076 0.000483546  0.00202157    0.005605
 0.00471794 -0.00394806    0.001069    0.005605   0.0236403
LNIS|1.88858
POS|0.149993|0.269306
VEL|3.50832|3.36792
new measurement
POS|0.150046|0.270056
VEL|3.50328|3.37207
new measurement
predict L 
 1.31552
 15.6032
 9.86044
  4.1208
0.775554
update L 
Updated state x: 
  1.2956
 15.5723
 9.92716
 4.12279
0.776607
Updated state covariance P: 
 0.00584339 -0.00183446 -0.00427695  0.00231967  0.00485393
-0.00183446  0.00535558 -0.00536923 -0.00200234 -0.00378912
-0.00427695 -0.00536923   0.0267071 0.000479867  0.00106534
 0.00231967 -0.00200234 0.000479867   0.0020188  0.00559733
 0.00485393 -0.00378912  0.00106534  0.00559733   0.0236224
LNIS|1.77095
POS|0.149482|0.26926
VEL|3.49696|3.37828
new measurement
POS|0.149513|0.269799
VEL|3.49102|3.384
new measurement
predict L 
 1.02802
  15.155
 9.92716
 4.16162
0.776607
update L 
Updated state x: 
0.958673
 15.1454
 10.0187
 4.14171
 0.73254
Updated state covariance P: 
 0.00599049 -0.00182162 -0.00407778  0.00239335  0.00499294
-0.00182162  0.00522814  -0.0055185 -0.00191705 -0.00361408
-0.00407778  -0.0055185    0.026695 0.000476674  0.00106194
 0.00239335 -0.00191705 0.000476674  0.00201351  0.00558498
 0.00499294 -0.00361408  0.00106194  0.00558498   0.0235962
LNIS|4.10585
POS|0.148994|0.268985
VEL|3.48486|3.39088
new measurement
POS|0.148718|0.269471
