Listening to port 4567
Connected!!!
new measurement
Intialised: 1477010444200000
 6.78214
0.714036
       0
       0
       0
1 0 0 0 0
0 1 0 0 0
0 0 1 0 0
0 0 0 1 0
0 0 0 0 1
0

POS|0.0359378|0.103952
VEL|5.13452|0.52999
new measurement
predict R 
     6.78214
    0.714036
-2.25514e-17
-2.27682e-18
-2.25514e-17
update R 
Updated state x: 
     7.19959
    0.633381
     4.28656
-2.33928e-18
-2.17652e-17
Updated state covariance P: 
   0.0909489   0.00316454   0.00037545   3.0138e-19 -3.72067e-18
  0.00316454    0.0431034 -1.63216e-05 -9.58746e-21 -4.53445e-19
  0.00037545 -1.63216e-05    0.0834096  3.33064e-23 -1.39641e-20
  3.0138e-19 -9.58746e-21  3.33064e-23       1.0025    0.0500625
-3.72067e-18 -4.53445e-19 -1.39641e-20    0.0500625       1.0025
RNIS|20.0368
POS|0.0919033|0.167083
VEL|3.67895|0.552054
new measurement
POS|0.106668|0.195272
VEL|3.04201|0.574921
new measurement
predict R 
     7.33061
    0.633381
     4.28656
-3.46945e-18
 2.42861e-17
update R 
Updated state x: 
  7.77815
 0.729733
  4.33127
 0.242829
0.0253346
Updated state covariance P: 
   0.0452404   0.00138614  0.000159877  -0.00447831 -0.000629542
  0.00138614    0.0266372 -0.000174631     0.054261   0.00514192
 0.000159877 -0.000174631    0.0845625  -0.00290687 -0.000404645
 -0.00447831     0.054261  -0.00290687     0.854236    0.0855899
-0.000629542   0.00514192 -0.000404645    0.0855899      1.00361
RNIS|3.69647
POS|0.133035|0.191034
VEL|2.67306|0.53237
new measurement
POS|0.122368|0.195441
VEL|2.42417|0.498378
new measurement
predict R 
  7.91196
 0.762821
  4.33127
 0.244096
0.0253346
update R 
Updated state x: 
   8.14007
  0.803116
   4.38645
  0.169503
0.00463017
Updated state covariance P: 
   0.0302915  -0.00018608  3.28334e-05  -0.00681381 -0.000515255
 -0.00018608    0.0308307  0.000766341    0.0799654    0.0100143
 3.28334e-05  0.000766341    0.0846431   0.00529032   0.00119921
 -0.00681381    0.0799654   0.00529032      0.56416     0.095927
-0.000515255    0.0100143   0.00119921     0.095927      1.00069
RNIS|2.47342
POS|0.113094|0.192283
VEL|2.23491|0.455043
new measurement
POS|0.131615|0.195694
VEL|2.08866|0.422188
new measurement
predict R 
   8.29912
  0.830616
   4.38645
  0.169734
0.00463017
update R 
Updated state x: 
  8.41005
  1.10189
   4.6277
 0.646183
0.0541581
Updated state covariance P: 
   0.0229286  -0.00131751 -3.34196e-05  -0.00718464 -0.000804252
 -0.00131751    0.0350378   0.00277371    0.0787353    0.0137287
-3.34196e-05   0.00277371    0.0789448    0.0107067   0.00338659
 -0.00718464    0.0787353    0.0107067     0.323898     0.100128
-0.000804252    0.0137287   0.00338659     0.100128     0.994662
RNIS|8.81802
POS|0.141047|0.18365
VEL|2.01296|0.785743
new measurement
POS|0.199886|0.173149
VEL|1.95104|0.967625
new measurement
predict R 
  8.56508
  1.21978
   4.6277
  0.64889
0.0541581
update R 
Updated state x: 
   8.92774
  0.982902
   4.70114
-0.0715628
 -0.283445
Updated state covariance P: 
   0.0185548 -0.000956911 -0.000917452  -0.00317293   0.00268116
-0.000956911    0.0214079    0.0101463    0.0215635  -0.00901316
-0.000917452    0.0101463    0.0776611    0.0262995    0.0149257
 -0.00317293    0.0215635    0.0262995    0.0553489    0.0279894
  0.00268116  -0.00901316    0.0149257    0.0279894     0.936185
RNIS|15.0727
POS|0.198203|0.172756
VEL|1.8542|1.00716
new measurement
POS|0.229858|0.177496
VEL|1.77077|1.045
new measurement
predict R 
   9.15548
  0.966286
   4.70114
-0.0857351
 -0.283445
update R 
Updated state x: 
   9.32512
   1.19254
   5.03646
  0.220452
-0.0370979
Updated state covariance P: 
    0.015389 -0.000435447   0.00180958  -0.00114501   0.00268234
-0.000435447    0.0200145 -0.000506462    0.0161328  -0.00777165
  0.00180958 -0.000506462    0.0406353  -0.00264899   -0.0168292
 -0.00114501    0.0161328  -0.00264899    0.0332218    0.0532184
  0.00268234  -0.00777165   -0.0168292    0.0532184     0.912185
RNIS|12.2249
POS|0.235194|0.1709
VEL|1.69559|1.00052
new measurement
POS|0.2707|0.167461
VEL|1.6292|0.961357
new measurement
predict R 
   9.56645
   1.24622
   5.03646
  0.218597
-0.0370979
update R 
Updated state x: 
  9.7023
 1.35429
 5.03162
0.304915
0.036536
Updated state covariance P: 
  0.0133545  -0.0010277  0.00205054 -0.00181045 5.75589e-05
 -0.0010277    0.021636  0.00178089   0.0174693  0.00465701
 0.00205054  0.00178089   0.0296902  0.00220284  0.00110201
-0.00181045   0.0174693  0.00220284    0.033034   0.0892766
5.75589e-05  0.00465701  0.00110201   0.0892766    0.889882
RNIS|11.0314
POS|0.282866|0.161424
VEL|1.57061|0.9299
new measurement
POS|0.321712|0.157239
VEL|1.51785|0.900512
new measurement
predict R 
 9.93761
  1.4287
 5.03162
0.306742
0.036536
update R 
Updated state x: 
 10.0497
 1.50254
  5.0022
0.388985
0.257893
Updated state covariance P: 
  0.0119077  -0.0016338  0.00180188 -0.00243039 -0.00254935
 -0.0016338   0.0226923   0.0046721   0.0178467   0.0143838
 0.00180188   0.0046721   0.0257957  0.00740762   0.0212584
-0.00243039   0.0178467  0.00740762   0.0328003    0.107904
-0.00254935   0.0143838   0.0212584    0.107904    0.815607
RNIS|10.5112
POS|0.341228|0.152252
VEL|1.47159|0.883248
new measurement
POS|0.384115|0.148493
VEL|1.42926|0.865417
new measurement
predict R 
 10.2759
 1.59738
  5.0022
 0.40188
0.257893
update R 
Updated state x: 
  10.4408
  1.49812
  5.05756
 0.249279
-0.176534
Updated state covariance P: 
  0.0108353 -0.00212938   0.0013253 -0.00280497 -0.00404718
-0.00212938   0.0228011  0.00738254   0.0167076   0.0164335
  0.0013253  0.00738254   0.0256019   0.0116483   0.0365609
-0.00280497   0.0167076   0.0116483   0.0299558    0.103304
-0.00404718   0.0164335   0.0365609    0.103304    0.667762
RNIS|14.4886
POS|0.404145|0.147976
VEL|1.389|0.842551
new measurement
POS|0.444345|0.152143
VEL|1.35198|0.822602
new measurement
predict R 
  10.6816
  1.55894
  5.05756
 0.240452
-0.176534
update R 
Updated state x: 
  10.7669
   1.5378
  5.05599
 0.215352
-0.216288
Updated state covariance P: 
 0.00997667  -0.0026588  0.00124631 -0.00339178 -0.00663908
 -0.0026588   0.0253199   0.0083189    0.020394   0.0345831
 0.00124631   0.0083189   0.0231773   0.0124174   0.0380475
-0.00339178    0.020394   0.0124174   0.0362936    0.126277
-0.00663908   0.0345831   0.0380475    0.126277    0.648351
RNIS|6.27096
POS|0.47006|0.158645
VEL|1.31796|0.810004
new measurement
POS|0.513575|0.171086
VEL|1.28653|0.800663
new measurement
predict R 
  11.0087
  1.59001
  5.05599
 0.204538
-0.216288
update R 
Updated state x: 
   11.1202
   1.69884
   5.17805
  0.276773
-0.0971853
Updated state covariance P: 
 0.00929488 -0.00320953  0.00128837 -0.00401469 -0.00890972
-0.00320953   0.0285193  0.00851975   0.0249052   0.0517697
 0.00128837  0.00851975   0.0208361   0.0118875   0.0344897
-0.00401469   0.0249052   0.0118875   0.0428121    0.142626
-0.00890972   0.0517697   0.0344897    0.142626    0.616629
RNIS|16.031
POS|0.54067|0.175941
VEL|1.25771|0.785184
new measurement
POS|0.583464|0.186585
VEL|1.23105|0.772169
new measurement
predict R 
    11.363
   1.76783
   5.17805
  0.271914
-0.0971853
update R 
Updated state x: 
  11.4877
  1.71892
  5.23934
 0.186268
-0.348068
Updated state covariance P: 
 0.00882133 -0.00398276  0.00104884 -0.00481737  -0.0110756
-0.00398276   0.0319148  0.00976396   0.0285619   0.0620408
 0.00104884  0.00976396    0.020277   0.0129399    0.035887
-0.00481737   0.0285619   0.0129399   0.0457161    0.141803
 -0.0110756   0.0620408    0.035887    0.141803     0.53803
RNIS|14.4351
POS|0.61019|0.201589
VEL|1.20842|0.778064
new measurement
POS|0.650884|0.222607
VEL|1.18773|0.786866
new measurement
predict R 
  11.7386
  1.76464
  5.23934
 0.168864
-0.348068
update R 
Updated state x: 
   11.8555
   1.96603
   5.38586
  0.333943
0.00837464
Updated state covariance P: 
 0.00838268 -0.00457995   0.0013177 -0.00529415  -0.0120535
-0.00457995   0.0358254  0.00855297   0.0325118   0.0715184
  0.0013177  0.00855297    0.018055    0.010177    0.025856
-0.00529415   0.0325118    0.010177   0.0485962    0.140916
 -0.0120535   0.0715184    0.025856    0.140916    0.479196
RNIS|28.9803
POS|0.677047|0.229742
VEL|1.16794|0.773163
new measurement
POS|0.715738|0.242777
VEL|1.14988|0.761276
new measurement
predict R 
   12.1027
   2.05239
   5.38586
  0.334362
0.00837464
update R 
Updated state x: 
 12.0861
  2.4048
 5.41509
0.695659
0.866509
Updated state covariance P: 
 0.00811856 -0.00517555 0.000925792 -0.00551492  -0.0118304
-0.00517555   0.0366275     0.01014   0.0307136   0.0625528
0.000925792     0.01014     0.01866   0.0115284   0.0281037
-0.00551492   0.0307136   0.0115284   0.0417343    0.111632
 -0.0118304   0.0625528   0.0281037    0.111632    0.351009
RNIS|13.1032
POS|0.7498|0.239777
VEL|1.1318|0.787325
new measurement
POS|0.795065|0.239985
VEL|1.11421|0.806826
new measurement
predict R 
 12.2849
 2.57901
 5.41509
0.738985
0.866509
update R 
Updated state x: 
 12.4249
 2.52687
 5.44568
0.647269
0.638574
Updated state covariance P: 
  0.0075925 -0.00352627 0.000927945 -0.00269927 -0.00365071
-0.00352627   0.0235175  0.00813898   0.0113423   0.0100829
0.000927945  0.00813898   0.0200547  0.00768858   0.0164352
-0.00269927   0.0113423  0.00768858   0.0132923   0.0315963
-0.00365071   0.0100829   0.0164352   0.0315963    0.115293
RNIS|24.3634
POS|0.828038|0.2399
VEL|1.09577|0.812891
new measurement
POS|0.871116|0.244456
VEL|1.07808|0.815768
new measurement
predict R 
 12.6376
 2.69357
 5.44568
0.679197
0.638574
update R 
Updated state x: 
 12.8083
  2.6367
 5.49094
0.580945
0.408179
Updated state covariance P: 
 0.00739481 -0.00370184  0.00050486  -0.0025564 -0.00306163
-0.00370184   0.0224504  0.00908195   0.0094213  0.00630849
 0.00050486  0.00908195   0.0218738  0.00805723   0.0165069
 -0.0025564   0.0094213  0.00805723   0.0102397   0.0230055
-0.00306163  0.00630849   0.0165069   0.0230055   0.0838693
RNIS|38.2518
POS|0.900457|0.249168
VEL|1.06169|0.808839
new measurement
POS|0.938987|0.259843
VEL|1.04638|0.800812
new measurement
predict R 
 13.0347
 2.78919
 5.49094
0.601354
0.408179
update R 
Updated state x: 
 13.1462
  2.9001
 5.58774
0.617736
0.375261
Updated state covariance P: 
 0.00727356 -0.00411384 6.95777e-05 -0.00273503 -0.00335071
-0.00411384   0.0230027   0.0103991  0.00957413  0.00757708
6.95777e-05   0.0103991   0.0233009  0.00889153   0.0177188
-0.00273503  0.00957413  0.00889153  0.00992865   0.0215933
-0.00335071  0.00757708   0.0177188   0.0215933   0.0736004
RNIS|38.8608
POS|0.967524|0.263201
VEL|1.03187|0.79619
new measurement
POS|1.00441|0.272275
VEL|1.01844|0.790208
new measurement
predict R 
 13.3709
 3.06352
 5.58774
0.636499
0.375261
update R 
Updated state x: 
 13.4746
 3.19188
  5.6621
0.702884
0.487942
Updated state covariance P: 
  0.00721106   -0.0045612 -0.000391803  -0.00290709  -0.00356461
  -0.0045612    0.0236242    0.0116624   0.00968835   0.00838778
-0.000391803    0.0116624    0.0247185   0.00949056    0.0182054
 -0.00290709   0.00968835   0.00949056   0.00949827    0.0198714
 -0.00356461   0.00838778    0.0182054    0.0198714    0.0642397
RNIS|53.6321
POS|1.03234|0.274169
VEL|1.00446|0.793388
new measurement
POS|1.06786|0.281434
VEL|0.991308|0.794181
new measurement
predict R 
 13.6869
  3.3769
  5.6621
0.727282
0.487942
update R 
Updated state x: 
  13.817
 3.36147
 5.68272
0.717142
0.495792
Updated state covariance P: 
  0.00717776  -0.00491801 -0.000832174  -0.00293187  -0.00338951
 -0.00491801    0.0237255    0.0125785   0.00917318   0.00756504
-0.000832174    0.0125785    0.0261576   0.00954279    0.0173633
 -0.00293187   0.00917318   0.00954279    0.0083902    0.0167363
 -0.00338951   0.00756504    0.0173633    0.0167363    0.0532068
RNIS|42.5965
POS|1.09423|0.287062
VEL|0.978806|0.794918
new measurement
POS|1.12752|0.298984
VEL|0.967195|0.793718
new measurement
predict R 
 14.0275
 3.55035
 5.68272
0.741931
0.495792
update R 
Updated state x: 
 14.1403
 3.62762
 5.73925
 0.79266
0.609152
Updated state covariance P: 
 0.00717787 -0.00531011 -0.00127003 -0.00299175 -0.00331241
-0.00531011   0.0240895   0.0135512  0.00895199  0.00733657
-0.00127003   0.0135512   0.0274978  0.00965589   0.0167529
-0.00299175  0.00895199  0.00965589   0.0076955   0.0147415
-0.00331241  0.00733657   0.0167529   0.0147415   0.0460587
RNIS|63.7748
POS|1.15299|0.304858
VEL|0.955126|0.800306
new measurement
POS|1.18476|0.317077
VEL|0.943703|0.8043
new measurement
predict R 
 14.3374
 3.83451
 5.73925
0.823117
0.609152
update R 
Updated state x: 
 14.4831
 3.86682
 5.79854
0.816976
  0.6015
Updated state covariance P: 
 0.00718911 -0.00560903  -0.0016551 -0.00294068 -0.00299169
-0.00560903   0.0240504   0.0141846  0.00834498  0.00624759
 -0.0016551   0.0141846   0.0287123  0.00937469     0.01536
-0.00294068  0.00834498  0.00937469  0.00670262   0.0122925
-0.00299169  0.00624759     0.01536   0.0122925    0.038936
RNIS|65.8019
POS|1.20829|0.324798
VEL|0.932724|0.809999
new measurement
POS|1.23754|0.339164
VEL|0.922474|0.813345
new measurement
predict R 
 14.6772
 4.08069
 5.79854
0.847051
  0.6015
update R 
Updated state x: 
 14.7494
 4.21824
 5.88614
0.940491
0.790404
Updated state covariance P: 
 0.00723836 -0.00596019 -0.00206823 -0.00293531 -0.00279034
-0.00596019   0.0242403   0.0149183  0.00797564  0.00565612
-0.00206823   0.0149183   0.0299084  0.00921323   0.0143536
-0.00293531  0.00797564  0.00921323   0.0060236   0.0106671
-0.00279034  0.00565612   0.0143536   0.0106671   0.0342848
RNIS|71.2552
POS|1.26178|0.344774
VEL|0.912424|0.831215
new measurement
POS|1.29123|0.356645
VEL|0.902421|0.845367
new measurement
predict R 
 14.9172
 4.45884
 5.88614
0.980012
0.790404
update R 
Updated state x: 
 15.0503
 4.46144
  5.9232
0.980601
0.821634
Updated state covariance P: 
  0.0072716 -0.00612269  -0.0023513 -0.00275443 -0.00223235
-0.00612269   0.0236734   0.0149942  0.00700907  0.00390741
 -0.0023513   0.0149942   0.0307501  0.00843655   0.0121894
-0.00275443  0.00700907  0.00843655  0.00492604  0.00835917
-0.00223235  0.00390741   0.0121894  0.00835917   0.0288648
RNIS|61.5531
POS|1.31438|0.364871
VEL|0.893156|0.861982
new measurement
POS|1.34224|0.379791
VEL|0.88385|0.875232
new measurement
predict R 
 15.2092
 4.71038
  5.9232
 1.02168
0.821634
update R 
Updated state x: 
 15.3389
 4.69998
 5.94776
 1.02332
0.864396
Updated state covariance P: 
  0.0073416 -0.00635205 -0.00269633  -0.0026436 -0.00185392
-0.00635205   0.0233988   0.0153052  0.00636358  0.00286413
-0.00269633   0.0153052   0.0317679  0.00792908   0.0107301
 -0.0026436  0.00636358  0.00792908  0.00420265  0.00693076
-0.00185392  0.00286413   0.0107301  0.00693076   0.0256203
RNIS|61.2171
POS|1.36438|0.391146
VEL|0.875418|0.890623
new measurement
POS|1.39077|0.409533
VEL|0.866822|0.902979
new measurement
predict R 
 15.4874
 4.95679
 5.94776
 1.06654
0.864396
update R 
Updated state x: 
  15.597
 5.04065
 6.03594
 1.09412
0.925859
Updated state covariance P: 
 0.00743628 -0.00660928 -0.00306842 -0.00256331 -0.00156126
-0.00660928   0.0232614   0.0157118  0.00587523  0.00215123
-0.00306842   0.0157118    0.032844    0.007541  0.00961142
-0.00256331  0.00587523    0.007541   0.0036728  0.00595045
-0.00156126  0.00215123  0.00961142  0.00595045   0.0234804
RNIS|77.0893
POS|1.41254|0.420214
VEL|0.860184|0.9217
new measurement
POS|1.43811|0.437772
VEL|0.853|0.937199
new measurement
predict R 
 15.7286
 5.31154
 6.03594
 1.14042
0.925859
update R 
Updated state x: 
 15.8575
 5.39469
 6.13077
 1.13843
0.916089
Updated state covariance P: 
  0.0075522 -0.00685323 -0.00343875 -0.00246864   -0.001247
-0.00685323   0.0230531   0.0160218  0.00536582  0.00140327
-0.00343875   0.0160218   0.0338394  0.00708382  0.00841702
-0.00246864  0.00536582  0.00708382  0.00317736  0.00507718
  -0.001247  0.00140327  0.00841702  0.00507718   0.0216835
RNIS|80.8233
POS|1.45897|0.447917
VEL|0.847025|0.956331
new measurement
POS|1.48323|0.4648
VEL|0.840414|0.972398
new measurement
predict R 
 15.9789
 5.67552
 6.13077
 1.18423
0.916089
update R 
Updated state x: 
 16.1004
 5.75258
 6.21939
 1.18892
0.930269
Updated state covariance P: 
 0.00770716 -0.00714538   -0.003864  -0.0024042 -0.00100503
-0.00714538   0.0229708   0.0164316  0.00497148 0.000885618
  -0.003864   0.0164316   0.0348982  0.00672669  0.00749559
 -0.0024042  0.00497148  0.00672669  0.00280315  0.00446354
-0.00100503 0.000885618  0.00749559  0.00446354   0.0204583
RNIS|80.132
POS|1.50332|0.474807
VEL|0.83552|0.992106
new measurement
POS|1.52642|0.49146
VEL|0.829804|1.00889
new measurement
predict R 
  16.209
 6.04342
 6.21939
 1.23543
0.930269
update R 
Updated state x: 
 16.3641
 6.08447
 6.28488
 1.20956
0.887684
Updated state covariance P: 
  0.00789266  -0.00745983  -0.00431977  -0.00234976 -0.000791753
 -0.00745983    0.0229326    0.0168621   0.00462762  0.000465624
 -0.00431977    0.0168621    0.0359562   0.00640038   0.00668563
 -0.00234976   0.00462762   0.00640038   0.00249413   0.00398527
-0.000791753  0.000465624   0.00668563   0.00398527    0.0195179
RNIS|85.6746
POS|1.54477|0.502588
VEL|0.824248|1.0263
new measurement
POS|1.56578|0.520416
VEL|0.818068|1.0412
new measurement
predict R 
 16.4681
 6.38051
 6.28488
 1.25395
0.887684
update R 
Updated state x: 
 16.5548
 6.44142
 6.35114
 1.27249
0.947321
Updated state covariance P: 
   0.0081163  -0.00783206  -0.00483229  -0.00233189 -0.000671044
 -0.00783206    0.0230576    0.0174275   0.00440781  0.000294016
 -0.00483229    0.0174275     0.037083   0.00620734   0.00621595
 -0.00233189   0.00440781   0.00620734   0.00228813   0.00370913
-0.000671044  0.000294016   0.00621595   0.00370913    0.0189607
RNIS|58.8885
POS|1.58403|0.532081
VEL|0.814444|1.05929
new measurement
POS|1.60459|0.55041
VEL|0.809807|1.07501
new measurement
predict R 
 16.6405
 6.74675
 6.35114
 1.31985
0.947321
update R 
Updated state x: 
 16.7927
 6.76975
 6.39831
 1.29866
0.929317
Updated state covariance P: 
  0.00835594  -0.00818497  -0.00533726   -0.0022959 -0.000514206
 -0.00818497    0.0231028    0.0178935   0.00415128  3.34043e-05
 -0.00533726    0.0178935    0.0381179   0.00594376   0.00560076
  -0.0022959   0.00415128   0.00594376   0.00207751   0.00341198
-0.000514206  3.34043e-05   0.00560076   0.00341198    0.0183395
RNIS|83.7359
POS|1.62107|0.563788
VEL|0.805721|1.09112
new measurement
POS|1.63954|0.583894
VEL|0.800753|1.10521
new measurement
predict R 
 16.8711
  7.0795
 6.39831
 1.34513
0.929317
update R 
Updated state x: 
16.9923
 7.1197
6.45308
1.32929
0.91067
Updated state covariance P: 
  0.00862376  -0.00857029  -0.00587564  -0.00228022 -0.000418799
 -0.00857029    0.0232365    0.0184277   0.00396524 -7.79127e-05
 -0.00587564    0.0184277    0.0391783   0.00575882   0.00520708
 -0.00228022   0.00396524   0.00575882   0.00192432   0.00322392
-0.000418799 -7.79127e-05   0.00520708   0.00322392    0.0179131
RNIS|61.0581
POS|1.65491|0.598408
VEL|0.796516|1.12013
new measurement
POS|1.67195|0.61962
VEL|0.791473|1.1333
new measurement
predict R 
17.0619
7.43438
6.45308
1.37483
0.91067
update R 
Updated state x: 
 17.1937
 7.46234
 6.49735
 1.37153
0.942818
Updated state covariance P: 
   0.0089184  -0.00897617  -0.00643657  -0.00227613 -0.000360633
 -0.00897617    0.0234089    0.0189768   0.00381746 -0.000112518
 -0.00643657    0.0189768    0.0402158    0.0056119    0.0049284
 -0.00227613   0.00381746    0.0056119   0.00180345   0.00308855
-0.000360633 -0.000112518    0.0049284   0.00308855    0.0175627
RNIS|82.5393
POS|1.68581|0.635639
VEL|0.787806|1.14743
new measurement
POS|1.70106|0.658328
VEL|0.783236|1.16002
new measurement
predict R 
 17.2501
 7.78191
 6.49735
 1.41867
0.942818
update R 
Updated state x: 
 17.3581
 7.86517
 6.58624
 1.42481
0.978418
Updated state covariance P: 
   0.0092295  -0.00937884   -0.0069989  -0.00226737 -0.000297864
 -0.00937884    0.0235636    0.0194884   0.00366781 -0.000165476
  -0.0069989    0.0194884    0.0412022   0.00544854   0.00461537
 -0.00226737   0.00366781   0.00544854   0.00168949   0.00295259
-0.000297864 -0.000165476   0.00461537   0.00295259    0.0171903
RNIS|88.2789
POS|1.71391|0.674056
VEL|0.780842|1.17475
new measurement
POS|1.72788|0.696279
VEL|0.777292|1.18806
new measurement
predict R 
 17.3978
 8.19176
 6.58624
 1.47373
0.978418
update R 
Updated state x: 
 17.493
8.27001
6.67026
1.48467
1.02929
Updated state covariance P: 
  0.00956233  -0.00977421  -0.00756602  -0.00224616 -0.000205495
 -0.00977421    0.0236655    0.0199317    0.0034941 -0.000285745
 -0.00756602    0.0199317    0.0421211   0.00523887   0.00419196
 -0.00224616    0.0034941   0.00523887   0.00156833    0.0027882
-0.000205495 -0.000285745   0.00419196    0.0027882    0.0167485
RNIS|78.5699
POS|1.73998|0.711918
VEL|0.776974|1.20314
new measurement
POS|1.75293|0.733888
VEL|0.775118|1.21695
new measurement
predict R 
17.5128
8.60261
6.67026
1.53614
1.02929
update R 
Updated state x: 
 17.6023
 8.76506
 6.82259
 1.52541
0.983054
Updated state covariance P: 
  0.00991194   -0.0101514  -0.00812989  -0.00220836 -7.77367e-05
  -0.0101514     0.023696    0.0202928    0.0032906 -0.000476298
 -0.00812989    0.0202928    0.0429654   0.00497583   0.00365072
 -0.00220836    0.0032906   0.00497583   0.00144013   0.00260302
-7.77367e-05 -0.000476298   0.00365072   0.00260302    0.0162704
RNIS|95.3682
POS|1.76439|0.747164
VEL|0.77519|1.23358
new measurement
POS|1.77646|0.766427
VEL|0.773671|1.24899
new measurement
predict R 
 17.6092
 9.10581
 6.82259
 1.57456
0.983054
update R 
Updated state x: 
17.6971
 9.1919
6.91122
1.58235
 1.0243
Updated state covariance P: 
    0.010308   -0.0105575  -0.00874149  -0.00217912  2.28723e-05
  -0.0105575    0.0237347    0.0206599   0.00311026 -0.000602073
 -0.00874149    0.0206599    0.0438155   0.00474413   0.00322926
 -0.00217912   0.00311026   0.00474413   0.00132829   0.00244802
 2.28723e-05 -0.000602073   0.00322926   0.00244802    0.0158499
RNIS|74.8591
POS|1.78718|0.779593
VEL|0.775985|1.26554
new measurement
POS|1.79827|0.798587
VEL|0.776349|1.28104
new measurement
predict R 
 17.684
9.53692
6.91122
1.63357
 1.0243
update R 
Updated state x: 
 17.7711
 9.69027
 7.05385
  1.6247
0.994209
Updated state covariance P: 
   0.0107227   -0.0109477  -0.00935383  -0.00213817  0.000142751
  -0.0109477    0.0237159    0.0209645   0.00291509 -0.000758526
 -0.00935383    0.0209645    0.0446119   0.00448265    0.0027492
 -0.00213817   0.00291509   0.00448265   0.00121859    0.0022957
 0.000142751 -0.000758526    0.0027492    0.0022957    0.0154461
RNIS|95.6269
POS|1.80825|0.810023
VEL|0.779421|1.29864
new measurement
POS|1.81839|0.826977
VEL|0.780444|1.3153
new measurement
predict R 
 17.7432
 10.0416
 7.05385
 1.67441
0.994209
update R 
Updated state x: 
17.7707
10.1712
  7.183
1.70764
1.09401
Updated state covariance P: 
  0.0111797  -0.0113557  -0.0100046 -0.00210353 0.000235838
 -0.0113557   0.0236924   0.0212662  0.00274019  -0.0008538
 -0.0100046   0.0212662   0.0454133  0.00425012  0.00237996
-0.00210353  0.00274019  0.00425012  0.00112365  0.00217128
0.000235838  -0.0008538  0.00237996  0.00217128   0.0150942
RNIS|68.6013
POS|1.82857|0.837396
VEL|0.790089|1.33276
new measurement
POS|1.83869|0.853086
VEL|0.796772|1.34946
new measurement
predict R 
17.7119
10.5252
  7.183
1.76234
1.09401
update R 
Updated state x: 
17.8603
10.5813
7.22135
1.71988
 1.0005
Updated state covariance P: 
  0.0116451  -0.0117125  -0.0106292 -0.00203579 0.000410043
 -0.0117125   0.0235344   0.0214249  0.00251124 -0.00108315
 -0.0106292   0.0214249   0.0460836  0.00392095  0.00175081
-0.00203579  0.00251124  0.00392095  0.00101477  0.00201337
0.000410043 -0.00108315  0.00175081  0.00201337   0.0146851
RNIS|76.791
POS|1.8471|0.86418
VEL|0.802583|1.36605
new measurement
POS|1.8553|0.880463
VEL|0.806005|1.38206
new measurement
predict R 
17.7976
10.9366
7.22135
 1.7699
 1.0005
update R 
Updated state x: 
17.8875
11.0048
7.28834
1.78081
1.07021
Updated state covariance P: 
  0.0121505  -0.0121107  -0.0113094 -0.00200449 0.000449026
 -0.0121107   0.0234648   0.0216904   0.0023628  -0.0010748
 -0.0113094   0.0216904   0.0468779  0.00372692  0.00156902
-0.00200449   0.0023628  0.00372692 0.000947582  0.00195067
0.000449026  -0.0010748  0.00156902  0.00195067   0.0144718
RNIS|80.5173
POS|1.86273|0.891884
VEL|0.815213|1.39734
new measurement
POS|1.86978|0.908366
VEL|0.821612|1.41225
new measurement
predict R 
17.8019
11.3588
7.28834
1.83432
1.07021
update R 
Updated state x: 
17.9731
11.3767
7.29731
 1.8131
1.06961
Updated state covariance P: 
  0.0126627  -0.0124769  -0.0119762 -0.00195755 0.000522472
 -0.0124769    0.023333   0.0218896   0.0021958 -0.00112704
 -0.0119762   0.0218896   0.0476121  0.00349261  0.00125681
-0.00195755   0.0021958  0.00349261  0.00087964  0.00187776
0.000522472 -0.00112704  0.00125681  0.00187776   0.0142326
RNIS|104.529
POS|1.87507|0.921172
VEL|0.829759|1.42601
new measurement
POS|1.87988|0.938987
VEL|0.835294|1.43961
new measurement
predict R 
 17.876
11.7282
7.29731
1.86658
1.06961
update R 
Updated state x: 
17.9809
11.8111
7.36448
1.85103
1.05104
Updated state covariance P: 
  0.0131851  -0.0128398  -0.0126462 -0.00191978 0.000545892
 -0.0128398   0.0232178   0.0221043  0.00205558 -0.00110495
 -0.0126462   0.0221043   0.0483577  0.00329927  0.00108503
-0.00191978  0.00205558  0.00329927 0.000828121  0.00183781
0.000545892 -0.00110495  0.00108503  0.00183781   0.0140616
RNIS|74.083
POS|1.88402|0.951669
VEL|0.843535|1.45297
new measurement
POS|1.88756|0.969167
VEL|0.849209|1.46631
new measurement
predict R 
17.8697
 12.162
7.36448
1.90358
1.05104
update R 
Updated state x: 
 17.995
 12.211
7.39996
1.89492
 1.0726
Updated state covariance P: 
  0.0137296  -0.0131985  -0.0133267 -0.00188761 0.000542669
 -0.0131985   0.0230908   0.0223033  0.00193122 -0.00104625
 -0.0133267   0.0223033   0.0490855  0.00312852 0.000981168
-0.00188761  0.00193122  0.00312852  0.00078459  0.00180534
0.000542669 -0.00104625 0.000981168  0.00180534   0.0138909
RNIS|84.3219
POS|1.89025|0.982382
VEL|0.858198|1.47854
new measurement
POS|1.89225|1.00026
VEL|0.864592|1.49091
new measurement
predict R 
17.8677
12.5582
7.39996
1.94855
 1.0726
update R 
Updated state x: 
17.9592
12.6442
7.46737
1.93716
1.06618
Updated state covariance P: 
   0.0142824   -0.0135398   -0.0140023  -0.00185245  0.000541275
  -0.0135398    0.0229424     0.022475   0.00180883 -0.000998679
  -0.0140023     0.022475    0.0497826   0.00295471  0.000853724
 -0.00185245   0.00180883   0.00295471  0.000745131   0.00177427
 0.000541275 -0.000998679  0.000853724   0.00177427    0.0137262
RNIS|68.6175
POS|1.89396|1.01317
VEL|0.874289|1.5027
new measurement
POS|1.89489|1.03053
VEL|0.881376|1.51474
new measurement
predict R 
17.8162
12.9889
7.46737
1.99047
1.06618
update R 
Updated state x: 
 17.949
13.0228
7.47683
1.96833
1.04142
Updated state covariance P: 
   0.0148535    -0.013869   -0.0146831  -0.00181757  0.000534232
   -0.013869      0.02277     0.022618   0.00169242 -0.000946621
  -0.0146831     0.022618     0.050452   0.00278691  0.000737876
 -0.00181757   0.00169242   0.00278691  0.000709164   0.00174289
 0.000534232 -0.000946621  0.000737876   0.00174289    0.0135595
RNIS|64.6387
POS|1.89513|1.04412
VEL|0.889927|1.52576
new measurement
POS|1.89455|1.06201
VEL|0.896083|1.53716
new measurement
predict R 
17.7953
13.3634
7.47683
 2.0204
1.04142
update R 
Updated state x: 
17.8749
 13.434
7.54119
2.04562
1.17443
Updated state covariance P: 
   0.0154342   -0.0141889   -0.0153608  -0.00179005  0.000494637
  -0.0141889    0.0225966    0.0227523   0.00159261 -0.000857969
  -0.0153608    0.0227523    0.0511029    0.0026458  0.000704407
 -0.00179005   0.00159261    0.0026458  0.000681306   0.00172623
 0.000494637 -0.000857969  0.000704407   0.00172623    0.0134357
RNIS|102.809
POS|1.89391|1.07544
VEL|0.91008|1.54597
new measurement
POS|1.8924|1.09294
VEL|0.921141|1.55528
new measurement
predict R 
17.6927
13.7639
7.54119
2.10434
1.17443
update R 
Updated state x: 
17.8224
13.8146
7.55747
2.08163
1.14561
Updated state covariance P: 
   0.0160027   -0.0144546    -0.016007  -0.00172554  0.000577826
  -0.0144546    0.0223437    0.0227935   0.00144578 -0.000939643
   -0.016007    0.0227935    0.0516543   0.00240788  0.000323863
 -0.00172554   0.00144578   0.00240788  0.000643575   0.00168087
 0.000577826 -0.000939643  0.000323863   0.00168087    0.0132699
RNIS|70.7029
POS|1.89053|1.10662
VEL|0.934304|1.5634
new measurement
POS|1.88778|1.12419
VEL|0.944734|1.57213
new measurement
predict R 
17.6283
14.1385
7.55747
2.13891
1.14561
update R 
Updated state x: 
17.7201
14.2321
7.61234
2.11205
1.08458
Updated state covariance P: 
   0.0165817   -0.0147127   -0.0166601  -0.00166796  0.000617059
  -0.0147127    0.0220937    0.0228393   0.00131637 -0.000960504
  -0.0166601    0.0228393    0.0522222   0.00220176  8.41464e-05
 -0.00166796   0.00131637   0.00220176  0.000613912   0.00165421
 0.000617059 -0.000960504  8.41464e-05   0.00165421     0.013155
RNIS|59.8116
POS|1.88506|1.13722
VEL|0.956865|1.58048
new measurement
POS|1.88145|1.15389
VEL|0.966481|1.58951
new measurement
predict R 
17.5153
14.5527
7.61234
2.16628
1.08458
update R 
Updated state x: 
17.6127
14.6288
7.65689
2.15404
 1.0837
Updated state covariance P: 
   0.0171838   -0.0149678   -0.0173268  -0.00162328  0.000601194
  -0.0149678    0.0218398     0.022879   0.00121035 -0.000907854
  -0.0173268     0.022879    0.0527924   0.00203928  6.53659e-06
 -0.00162328   0.00121035   0.00203928  0.000590616   0.00163736
 0.000601194 -0.000907854  6.53659e-06   0.00163736    0.0130539
RNIS|69.5785
POS|1.87783|1.1665
VEL|0.979071|1.59732
new measurement
POS|1.87333|1.18252
VEL|0.989206|1.60589
new measurement
predict R 
17.3933
14.9423
7.65689
2.20823
 1.0837
update R 
Updated state x: 
 17.439
 15.068
7.76685
2.22135
1.16451
Updated state covariance P: 
   0.0177951   -0.0152047   -0.0179909  -0.00157648  0.000589088
  -0.0152047    0.0215667     0.022892   0.00110691 -0.000862467
  -0.0179909     0.022892     0.053334   0.00187765 -8.13998e-05
 -0.00157648   0.00110691   0.00187765  0.000569571   0.00162179
 0.000589088 -0.000862467 -8.13998e-05   0.00162179    0.0129619
RNIS|97.0557
POS|1.86926|1.19379
VEL|1.00615|1.61232
new measurement
POS|1.86431|1.2082
VEL|1.02033|1.61958
new measurement
predict R 
17.1949
15.3699
7.76685
2.27958
1.16451
update R 
Updated state x: 
  17.31
15.4632
7.79109
2.23175
1.03315
Updated state covariance P: 
   0.0184085   -0.0154017   -0.0186423  -0.00150369  0.000664649
  -0.0154017    0.0212367    0.0228358  0.000977255 -0.000918087
  -0.0186423    0.0228358    0.0538034   0.00165751  -0.00038484
 -0.00150369  0.000977255   0.00165751  0.000544283   0.00159176
 0.000664649 -0.000918087  -0.00038484   0.00159176    0.0128462
RNIS|61.2522
POS|1.85937|1.21877
VEL|1.03351|1.62729
new measurement
POS|1.85362|1.23225
VEL|1.04441|1.63591
new measurement
predict R 
17.0631
15.7642
7.79109
2.28341
1.03315
update R 
Updated state x: 
 17.1325
 15.8602
 7.84505
  2.2579
0.971567
Updated state covariance P: 
   0.0190522    -0.015608   -0.0193125  -0.00146465  0.000604182
   -0.015608    0.0209262    0.0227986  0.000894254 -0.000813917
  -0.0193125    0.0227986    0.0543048   0.00153225 -0.000328943
 -0.00146465  0.000894254   0.00153225  0.000528832   0.00158303
 0.000604182 -0.000813917 -0.000328943   0.00158303    0.0127717
RNIS|45.8814
POS|1.84812|1.24192
VEL|1.05654|1.64427
new measurement
POS|1.84186|1.25425
VEL|1.0666|1.6536
new measurement
predict R 
 16.8764
 16.1572
 7.84505
 2.30647
0.971567
update R 
Updated state x: 
16.9412
16.2082
7.87082
2.30836
1.01328
Updated state covariance P: 
   0.0197145   -0.0158014   -0.0199811   -0.0014388  0.000502328
  -0.0158014    0.0206017    0.0227359  0.000829986 -0.000669493
  -0.0199811    0.0227359    0.0547743   0.00144217 -0.000180518
  -0.0014388  0.000829986   0.00144217  0.000516876   0.00157788
 0.000502328 -0.000669493 -0.000180518   0.00157788    0.0127034
RNIS|41.7579
POS|1.83585|1.26359
VEL|1.08008|1.66066
new measurement
POS|1.82915|1.27539
VEL|1.0915|1.66873
new measurement
predict R 
16.6693
16.4925
7.87082
2.35902
1.01328
update R 
Updated state x: 
 16.7906
 16.5687
 7.88684
 2.33563
0.980518
Updated state covariance P: 
   0.0203729   -0.0159643   -0.0206381  -0.00139609  0.000471178
  -0.0159643    0.0202517    0.0226383  0.000749638 -0.000613406
  -0.0206381    0.0226383    0.0552104   0.00131307 -0.000220805
 -0.00139609  0.000749638   0.00131307  0.000504973   0.00157148
 0.000471178 -0.000613406 -0.000220805   0.00157148    0.0126515
RNIS|77.8265
POS|1.82247|1.28399
VEL|1.10383|1.67605
new measurement
POS|1.81522|1.29482
VEL|1.11431|1.68444
new measurement
predict R 
 16.5108
 16.8463
 7.88684
 2.38466
0.980518
update R 
Updated state x: 
 16.5742
 16.8985
 7.90749
 2.37945
0.993936
Updated state covariance P: 
   0.0210398   -0.0161147   -0.0212886  -0.00136061  0.000413984
  -0.0161147    0.0199007    0.0225292  0.000680785 -0.000535181
  -0.0212886    0.0225292    0.0556275   0.00120563 -0.000197198
 -0.00136061  0.000680785   0.00120563  0.000496084   0.00156986
 0.000413984 -0.000535181 -0.000197198   0.00156986    0.0126131
RNIS|33.7289
POS|1.80821|1.30292
VEL|1.12729|1.69095
new measurement
POS|1.80073|1.31305
VEL|1.13848|1.69854
new measurement
predict R 
 16.2815
 17.1641
 7.90749
 2.42915
0.993936
update R 
Updated state x: 
16.3066
17.3068
  8.009
2.41237
0.96155
Updated state covariance P: 
   0.0217022    -0.016236   -0.0219238  -0.00131432  0.000399134
   -0.016236    0.0195287    0.0223861   0.00060363 -0.000506352
  -0.0219238    0.0223861    0.0560065   0.00107659  -0.00027515
 -0.00131432   0.00060363   0.00107659  0.000487832   0.00156781
 0.000399134 -0.000506352  -0.00027515   0.00156781    0.0125819
RNIS|60.6874
POS|1.79358|1.31939
VEL|1.15212|1.70569
new measurement
POS|1.78605|1.32751
VEL|1.16405|1.71397
new measurement
predict R 
16.0017
17.5663
  8.009
2.46045
0.96155
update R 
Updated state x: 
  15.988
 17.7134
 8.13335
 2.45612
0.967404
Updated state covariance P: 
   0.0223864   -0.0163366   -0.0225625  -0.00127396  0.000363859
  -0.0163366    0.0191313    0.0222082  0.000536626  -0.00045245
  -0.0225625    0.0222082    0.0563635  0.000966985 -0.000289659
 -0.00127396  0.000536626  0.000966985  0.000478764   0.00155742
 0.000363859  -0.00045245 -0.000289659   0.00155742    0.0125168
RNIS|52.2528
POS|1.77891|1.3321
VEL|1.17975|1.72104
new measurement
POS|1.77144|1.33822
VEL|1.19371|1.72928
new measurement
predict R 
 15.6671
  17.963
 8.13335
 2.50449
0.967404
update R 
Updated state x: 
  15.705
 17.9659
 8.12283
 2.50818
0.997612
Updated state covariance P: 
   0.0230858   -0.0164048   -0.0232003  -0.00122732  0.000355418
  -0.0164048    0.0186965    0.0219819    0.0004675 -0.000420654
  -0.0232003    0.0219819    0.0566875  0.000848993 -0.000352058
 -0.00122732    0.0004675  0.000848993  0.000468036   0.00153939
 0.000355418 -0.000420654 -0.000352058   0.00153939    0.0124332
RNIS|6.57237
POS|1.76422|1.34275
VEL|1.2103|1.7346
new measurement
POS|1.75677|1.34865
VEL|1.22522|1.74107
new measurement
predict R 
 15.3719
 18.1979
 8.12283
 2.55806
0.997612
update R 
Updated state x: 
 15.4273
 18.2627
 8.13303
 2.53113
0.922388
Updated state covariance P: 
   0.0237563   -0.0164298   -0.0238011  -0.00115908  0.000417135
  -0.0164298    0.0182401    0.0217136   0.00038107 -0.000461962
  -0.0238011    0.0217136    0.0569514  0.000688687 -0.000572704
 -0.00115908   0.00038107  0.000688687  0.000460421   0.00153454
 0.000417135 -0.000461962 -0.000572704   0.00153454    0.0124138
RNIS|20.3469
POS|1.74951|1.35238
VEL|1.24056|1.74702
new measurement
POS|1.74215|1.35731
VEL|1.25445|1.75415
new measurement
predict R 
 15.0889
  18.488
 8.13303
 2.57725
0.922388
update R 
Updated state x: 
15.0244
18.6682
8.29518
2.56375
0.88655
Updated state covariance P: 
   0.0244315   -0.0164367   -0.0243938  -0.00110768  0.000401513
  -0.0164367    0.0177813    0.0214344  0.000314022 -0.000433554
  -0.0243938    0.0214344    0.0572138   0.00057138 -0.000615179
 -0.00110768  0.000314022   0.00057138  0.000455496   0.00153447
 0.000401513 -0.000433554 -0.000615179   0.00153447    0.0123992
RNIS|45.3728
POS|1.73503|1.35903
VEL|1.27163|1.76094
new measurement
POS|1.72785|1.36171
VEL|1.28737|1.76894
new measurement
predict R 
14.6722
18.8869
8.29518
2.60808
0.88655
update R 
Updated state x: 
 14.6633
 18.9491
 8.34504
 2.60459
0.884752
Updated state covariance P: 
   0.0251302   -0.0164089   -0.0249886  -0.00106772  0.000346966
  -0.0164089    0.0172846    0.0211044  0.000261522 -0.000363193
  -0.0249886    0.0211044    0.0574521  0.000484029 -0.000561064
 -0.00106772  0.000261522  0.000484029  0.000447699   0.00151917
 0.000346966 -0.000363193 -0.000561064   0.00151917    0.0123226
RNIS|9.11052
POS|1.72083|1.36261
VEL|1.30545|1.77512
new measurement
POS|1.71383|1.3643
VEL|1.32217|1.7825
new measurement
predict R 
 14.3003
 19.1545
 8.34504
 2.64883
0.884752
update R 
Updated state x: 
 14.2487
 19.2661
  8.4533
 2.64755
0.891268
Updated state covariance P: 
   0.0258183   -0.0163434   -0.0255634  -0.00102036   0.00032411
  -0.0163434    0.0167686    0.0207383  0.000205354 -0.000325268
  -0.0255634    0.0207383    0.0576575  0.000384169 -0.000579709
 -0.00102036  0.000205354  0.000384169  0.000441463   0.00150988
  0.00032411 -0.000325268 -0.000579709   0.00150988    0.0122785
RNIS|20.1077
POS|1.70695|1.36398
VEL|1.34218|1.78817
new measurement
POS|1.70013|1.3643
VEL|1.36084|1.79503
new measurement
predict R 
 13.8723
 19.4581
  8.4533
 2.69211
0.891268
update R 
Updated state x: 
 13.8489
 19.5387
 8.52353
 2.69069
0.899919
Updated state covariance P: 
   0.0265027   -0.0162355   -0.0261239 -0.000966934  0.000324495
  -0.0162355    0.0162251     0.020327   0.00014787 -0.000305134
  -0.0261239     0.020327    0.0578311  0.000276678 -0.000640876
-0.000966934   0.00014787  0.000276678  0.000434925    0.0014982
 0.000324495 -0.000305134 -0.000640876    0.0014982    0.0122277
RNIS|14.6993
POS|1.69338|1.36308
VEL|1.38214|1.79991
new measurement
POS|1.68675|1.36236
VEL|1.40216|1.80596
new measurement
predict R 
 13.4614
 19.7157
 8.52353
 2.73569
0.899919
update R 
Updated state x: 
 13.4665
 19.7405
 8.54526
  2.7459
0.951312
Updated state covariance P: 
   0.0271728   -0.0160873   -0.0266629 -0.000905146    0.0003511
  -0.0160873    0.0156654    0.0198799  8.72785e-05 -0.000306869
  -0.0266629    0.0198799    0.0579722  0.000157278 -0.000751649
-0.000905146  8.72785e-05  0.000157278  0.000429701   0.00149066
   0.0003511 -0.000306869 -0.000751649   0.00149066    0.0121945
RNIS|7.97646
POS|1.68015|1.36068
VEL|1.42462|1.80892
new measurement
POS|1.67376|1.35938
VEL|1.44587|1.81298
new measurement
predict R 
 13.0686
 19.8957
 8.54526
 2.79347
0.951312
update R 
Updated state x: 
 13.0657
 19.9721
 8.59246
 2.78338
0.931029
Updated state covariance P: 
    0.027802   -0.0158953   -0.0271599 -0.000816496  0.000464919
  -0.0158953    0.0150978    0.0193971  9.97768e-06 -0.000376995
  -0.0271599    0.0193971    0.0580498 -9.45273e-06  -0.00103354
-0.000816496  9.97768e-06 -9.45273e-06  0.000428022   0.00149544
 0.000464919 -0.000376995  -0.00103354   0.00149544    0.0122083
RNIS|14.8894
POS|1.66732|1.35696
VEL|1.46875|1.8155
new measurement
POS|1.66118|1.35481
VEL|1.49051|1.81908
new measurement
predict R 
 12.6601
 20.1132
 8.59246
 2.82993
0.931029
update R 
Updated state x: 
 12.5668
 20.2226
 8.71672
 2.82469
0.915188
Updated state covariance P: 
   0.0284179   -0.0156732   -0.0276423 -0.000730995  0.000542251
  -0.0156732    0.0145295    0.0188977 -6.01625e-05 -0.000416257
  -0.0276423    0.0188977    0.0581221 -0.000162575   -0.0012317
-0.000730995 -6.01625e-05 -0.000162575  0.000427409   0.00150007
 0.000542251 -0.000416257   -0.0012317   0.00150007    0.0122118
RNIS|11.8549
POS|1.65488|1.35157
VEL|1.51525|1.82106
new measurement
POS|1.64885|1.34852
VEL|1.53891|1.82407
new measurement
predict R 
 12.1498
 20.3488
 8.71672
 2.87045
0.915188
update R 
